Date,HomeTeam,AwayTeam,FTHG,FTAG,FTR,HomeOVA,AwayOVA,OVA_diff
2012-08-18,Arsenal,Sunderland,0,0,D,80,75,5
2012-08-18,Fulham,Norwich,5,0,H,77,73,4
2012-08-18,Newcastle,Tottenham,2,1,H,77,80,-3
2012-08-18,QPR,Swansea,0,5,A,75,74,1
2012-08-18,Reading,Stoke,1,1,D,71,75,-4
2012-08-18,West Brom,Liverpool,3,0,H,74,79,-5
2012-08-18,West Ham,Aston Villa,1,0,H,74,75,-1
2012-08-19,Man City,Southampton,3,2,H,82,73,9
2012-08-19,Wigan,Chelsea,0,2,A,74,81,-7
2012-08-20,Everton,Man United,1,0,H,76,82,-6
2012-08-22,Chelsea,Reading,4,2,H,81,71,10
2012-08-25,Aston Villa,Everton,1,3,A,75,76,-1
2012-08-25,Chelsea,Newcastle,2,0,H,81,77,4
2012-08-25,Man United,Fulham,3,2,H,82,77,5
2012-08-25,Norwich,QPR,1,1,D,73,75,-2
2012-08-25,Southampton,Wigan,0,2,A,73,74,-1
2012-08-25,Swansea,West Ham,3,0,H,74,74,0
2012-08-25,Tottenham,West Brom,1,1,D,80,74,6
2012-08-26,Liverpool,Man City,2,2,D,79,82,-3
2012-08-26,Stoke,Arsenal,0,0,D,75,80,-5
2012-09-01,Man City,QPR,3,1,H,82,75,7
2012-09-01,Swansea,Sunderland,2,2,D,74,75,-1
2012-09-01,Tottenham,Norwich,1,1,D,80,73,7
2012-09-01,West Brom,Everton,2,0,H,74,76,-2
2012-09-01,West Ham,Fulham,3,0,H,74,77,-3
2012-09-01,Wigan,Stoke,2,2,D,74,75,-1
2012-09-02,Liverpool,Arsenal,0,2,A,79,80,-1
2012-09-02,Newcastle,Aston Villa,1,1,D,77,75,2
2012-09-02,Southampton,Man United,2,3,A,73,82,-9
2012-09-15,Arsenal,Southampton,6,1,H,80,73,7
2012-09-15,Aston Villa,Swansea,2,0,H,75,74,1
2012-09-15,Fulham,West Brom,3,0,H,77,74,3
2012-09-15,Man United,Wigan,4,0,H,82,74,8
2012-09-15,Norwich,West Ham,0,0,D,73,74,-1
2012-09-15,QPR,Chelsea,0,0,D,75,81,-6
2012-09-15,Stoke,Man City,1,1,D,75,82,-7
2012-09-15,Sunderland,Liverpool,1,1,D,75,79,-4
2012-09-16,Reading,Tottenham,1,3,A,71,80,-9
2012-09-17,Everton,Newcastle,2,2,D,76,77,-1
2012-09-22,Chelsea,Stoke,1,0,H,81,75,6
2012-09-22,Southampton,Aston Villa,4,1,H,73,75,-2
2012-09-22,Swansea,Everton,0,3,A,74,76,-2
2012-09-22,West Brom,Reading,1,0,H,74,71,3
2012-09-22,West Ham,Sunderland,1,1,D,74,75,-1
2012-09-22,Wigan,Fulham,1,2,A,74,77,-3
2012-09-23,Liverpool,Man United,1,2,A,79,82,-3
2012-09-23,Man City,Arsenal,1,1,D,82,80,2
2012-09-23,Newcastle,Norwich,1,0,H,77,73,4
2012-09-23,Tottenham,QPR,2,1,H,80,75,5
2012-09-29,Arsenal,Chelsea,1,2,A,80,81,-1
2012-09-29,Everton,Southampton,3,1,H,76,73,3
2012-09-29,Fulham,Man City,1,2,A,77,82,-5
2012-09-29,Man United,Tottenham,2,3,A,82,80,2
2012-09-29,Norwich,Liverpool,2,5,A,73,79,-6
2012-09-29,Reading,Newcastle,2,2,D,71,77,-6
2012-09-29,Stoke,Swansea,2,0,H,75,74,1
2012-09-29,Sunderland,Wigan,1,0,H,75,74,1
2012-09-30,Aston Villa,West Brom,1,1,D,75,74,1
2012-10-01,QPR,West Ham,1,2,A,75,74,1
2012-10-06,Chelsea,Norwich,4,1,H,81,73,8
2012-10-06,Man City,Sunderland,3,0,H,82,75,7
2012-10-06,Swansea,Reading,2,2,D,74,71,3
2012-10-06,West Brom,QPR,3,2,H,74,75,-1
2012-10-06,West Ham,Arsenal,1,3,A,74,80,-6
2012-10-06,Wigan,Everton,2,2,D,74,76,-2
2012-10-07,Liverpool,Stoke,0,0,D,79,75,4
2012-10-07,Newcastle,Man United,0,3,A,77,82,-5
2012-10-07,Southampton,Fulham,2,2,D,73,77,-4
2012-10-07,Tottenham,Aston Villa,2,0,H,80,75,5
2012-10-20,Fulham,Aston Villa,1,0,H,77,75,2
2012-10-20,Liverpool,Reading,1,0,H,79,71,8
2012-10-20,Man United,Stoke,4,2,H,82,75,7
2012-10-20,Norwich,Arsenal,1,0,H,73,80,-7
2012-10-20,Swansea,Wigan,2,1,H,74,74,0
2012-10-20,Tottenham,Chelsea,2,4,A,80,81,-1
2012-10-20,West Brom,Man City,1,2,A,74,82,-8
2012-10-20,West Ham,Southampton,4,1,H,74,73,1
2012-10-21,QPR,Everton,1,1,D,75,76,-1
2012-10-21,Sunderland,Newcastle,1,1,D,75,77,-2
2012-10-27,Arsenal,QPR,1,0,H,80,75,5
2012-10-27,Aston Villa,Norwich,1,1,D,75,73,2
2012-10-27,Man City,Swansea,1,0,H,82,74,8
2012-10-27,Reading,Fulham,3,3,D,71,77,-6
2012-10-27,Stoke,Sunderland,0,0,D,75,75,0
2012-10-27,Wigan,West Ham,2,1,H,74,74,0
2012-10-28,Chelsea,Man United,2,3,A,81,82,-1
2012-10-28,Everton,Liverpool,2,2,D,76,79,-3
2012-10-28,Newcastle,West Brom,2,1,H,77,74,3
2012-10-28,Southampton,Tottenham,1,2,A,73,80,-7
2012-11-03,Fulham,Everton,2,2,D,77,76,1
2012-11-03,Man United,Arsenal,2,1,H,82,80,2
2012-11-03,Norwich,Stoke,1,0,H,73,75,-2
2012-11-03,Sunderland,Aston Villa,0,1,A,75,75,0
2012-11-03,Swansea,Chelsea,1,1,D,74,81,-7
2012-11-03,Tottenham,Wigan,0,1,A,80,74,6
2012-11-03,West Ham,Man City,0,0,D,74,82,-8
2012-11-04,Liverpool,Newcastle,1,1,D,79,77,2
2012-11-04,QPR,Reading,1,1,D,75,71,4
2012-11-05,West Brom,Southampton,2,0,H,74,73,1
2012-11-10,Arsenal,Fulham,3,3,D,80,77,3
2012-11-10,Aston Villa,Man United,2,3,A,75,82,-7
2012-11-10,Everton,Sunderland,2,1,H,76,75,1
2012-11-10,Reading,Norwich,0,0,D,71,73,-2
2012-11-10,Southampton,Swansea,1,1,D,73,74,-1
2012-11-10,Stoke,QPR,1,0,H,75,75,0
2012-11-10,Wigan,West Brom,1,2,A,74,74,0
2012-11-11,Chelsea,Liverpool,1,1,D,81,79,2
2012-11-11,Man City,Tottenham,2,1,H,82,80,2
2012-11-11,Newcastle,West Ham,0,1,A,77,74,3
2012-11-17,Arsenal,Tottenham,5,2,H,80,80,0
2012-11-17,Liverpool,Wigan,3,0,H,79,74,5
2012-11-17,Man City,Aston Villa,5,0,H,82,75,7
2012-11-17,Newcastle,Swansea,1,2,A,77,74,3
2012-11-17,Norwich,Man United,1,0,H,73,82,-9
2012-11-17,QPR,Southampton,1,3,A,75,73,2
2012-11-17,Reading,Everton,2,1,H,71,76,-5
2012-11-17,West Brom,Chelsea,2,1,H,74,81,-7
2012-11-18,Fulham,Sunderland,1,3,A,77,75,2
2012-11-19,West Ham,Stoke,1,1,D,74,75,-1
2012-11-24,Aston Villa,Arsenal,0,0,D,75,80,-5
2012-11-24,Everton,Norwich,1,1,D,76,73,3
2012-11-24,Man United,QPR,3,1,H,82,75,7
2012-11-24,Stoke,Fulham,1,0,H,75,77,-2
2012-11-24,Sunderland,West Brom,2,4,A,75,74,1
2012-11-24,Wigan,Reading,3,2,H,74,71,3
2012-11-25,Chelsea,Man City,0,0,D,81,82,-1
2012-11-25,Southampton,Newcastle,2,0,H,73,77,-4
2012-11-25,Swansea,Liverpool,0,0,D,74,79,-5
2012-11-25,Tottenham,West Ham,3,1,H,80,74,6
2012-11-27,Aston Villa,Reading,1,0,H,75,71,4
2012-11-27,Sunderland,QPR,0,0,D,75,75,0
2012-11-28,Chelsea,Fulham,0,0,D,81,77,4
2012-11-28,Everton,Arsenal,1,1,D,76,80,-4
2012-11-28,Man United,West Ham,1,0,H,82,74,8
2012-11-28,Southampton,Norwich,1,1,D,73,73,0
2012-11-28,Stoke,Newcastle,2,1,H,75,77,-2
2012-11-28,Swansea,West Brom,3,1,H,74,74,0
2012-11-28,Tottenham,Liverpool,2,1,H,80,79,1
2012-11-28,Wigan,Man City,0,2,A,74,82,-8
2012-12-01,Arsenal,Swansea,0,2,A,80,74,6
2012-12-01,Fulham,Tottenham,0,3,A,77,80,-3
2012-12-01,Liverpool,Southampton,1,0,H,79,73,6
2012-12-01,Man City,Everton,1,1,D,82,76,6
2012-12-01,QPR,Aston Villa,1,1,D,75,75,0
2012-12-01,Reading,Man United,3,4,A,71,82,-11
2012-12-01,West Brom,Stoke,0,1,A,74,75,-1
2012-12-01,West Ham,Chelsea,3,1,H,74,81,-7
2012-12-02,Norwich,Sunderland,2,1,H,73,75,-2
2012-12-03,Newcastle,Wigan,3,0,H,77,74,3
2012-12-08,Arsenal,West Brom,2,0,H,80,74,6
2012-12-08,Aston Villa,Stoke,0,0,D,75,75,0
2012-12-08,Southampton,Reading,1,0,H,73,71,2
2012-12-08,Sunderland,Chelsea,1,3,A,75,81,-6
2012-12-08,Swansea,Norwich,3,4,A,74,73,1
2012-12-08,Wigan,QPR,2,2,D,74,75,-1
2012-12-09,Everton,Tottenham,2,1,H,76,80,-4
2012-12-09,Man City,Man United,2,3,A,82,82,0
2012-12-09,West Ham,Liverpool,2,3,A,74,79,-5
2012-12-10,Fulham,Newcastle,2,1,H,77,77,0
2012-12-11,Sunderland,Reading,3,0,H,75,71,4
2012-12-15,Liverpool,Aston Villa,1,3,A,79,75,4
2012-12-15,Man United,Sunderland,3,1,H,82,75,7
2012-12-15,Newcastle,Man City,1,3,A,77,82,-5
2012-12-15,Norwich,Wigan,2,1,H,73,74,-1
2012-12-15,QPR,Fulham,2,1,H,75,77,-2
2012-12-15,Stoke,Everton,1,1,D,75,76,-1
2012-12-16,Tottenham,Swansea,1,0,H,80,74,6
2012-12-16,West Brom,West Ham,0,0,D,74,74,0
2012-12-17,Reading,Arsenal,2,5,A,71,80,-9
2012-12-22,Liverpool,Fulham,4,0,H,79,77,2
2012-12-22,Man City,Reading,1,0,H,82,71,11
2012-12-22,Newcastle,QPR,1,0,H,77,75,2
2012-12-22,Southampton,Sunderland,0,1,A,73,75,-2
2012-12-22,Tottenham,Stoke,0,0,D,80,75,5
2012-12-22,West Brom,Norwich,2,1,H,74,73,1
2012-12-22,West Ham,Everton,1,2,A,74,76,-2
2012-12-22,Wigan,Arsenal,0,1,A,74,80,-6
2012-12-23,Chelsea,Aston Villa,8,0,H,81,75,6
2012-12-23,Swansea,Man United,1,1,D,74,82,-8
2012-12-26,Aston Villa,Tottenham,0,4,A,75,80,-5
2012-12-26,Everton,Wigan,2,1,H,76,74,2
2012-12-26,Fulham,Southampton,1,1,D,77,73,4
2012-12-26,Man United,Newcastle,4,3,H,82,77,5
2012-12-26,Norwich,Chelsea,0,1,A,73,81,-8
2012-12-26,QPR,West Brom,1,2,A,75,74,1
2012-12-26,Reading,Swansea,0,0,D,71,74,-3
2012-12-26,Stoke,Liverpool,3,1,H,75,79,-4
2012-12-26,Sunderland,Man City,1,0,H,75,82,-7
2012-12-29,Arsenal,Newcastle,7,3,H,80,77,3
2012-12-29,Aston Villa,Wigan,0,3,A,75,74,1
2012-12-29,Fulham,Swansea,1,2,A,77,74,3
2012-12-29,Man United,West Brom,2,0,H,82,74,8
2012-12-29,Norwich,Man City,3,4,A,73,82,-9
2012-12-29,Reading,West Ham,1,0,H,71,74,-3
2012-12-29,Stoke,Southampton,3,3,D,75,73,2
2012-12-29,Sunderland,Tottenham,1,2,A,75,80,-5
2012-12-30,Everton,Chelsea,1,2,A,76,81,-5
2012-12-30,QPR,Liverpool,0,3,A,75,79,-4
2013-01-01,Man City,Stoke,3,0,H,82,75,7
2013-01-01,Southampton,Arsenal,1,1,D,73,80,-7
2013-01-01,Swansea,Aston Villa,2,2,D,74,75,-1
2013-01-01,Tottenham,Reading,3,1,H,80,71,9
2013-01-01,West Brom,Fulham,1,2,A,74,77,-3
2013-01-01,West Ham,Norwich,2,1,H,74,73,1
2013-01-01,Wigan,Man United,0,4,A,74,82,-8
2013-01-02,Chelsea,QPR,0,1,A,81,75,6
2013-01-02,Liverpool,Sunderland,3,0,H,79,75,4
2013-01-02,Newcastle,Everton,1,2,A,77,76,1
2013-01-12,Aston Villa,Southampton,0,1,A,75,73,2
2013-01-12,Everton,Swansea,0,0,D,76,74,2
2013-01-12,Fulham,Wigan,1,1,D,77,74,3
2013-01-12,Norwich,Newcastle,0,0,D,73,77,-4
2013-01-12,QPR,Tottenham,0,0,D,75,80,-5
2013-01-12,Reading,West Brom,3,2,H,71,74,-3
2013-01-12,Stoke,Chelsea,0,4,A,75,81,-6
2013-01-12,Sunderland,West Ham,3,0,H,75,74,1
2013-01-13,Arsenal,Man City,0,2,A,80,82,-2
2013-01-13,Man United,Liverpool,2,1,H,82,79,3
2013-01-16,Chelsea,Southampton,2,2,D,81,73,8
2013-01-19,Liverpool,Norwich,5,0,H,79,73,6
2013-01-19,Man City,Fulham,2,0,H,82,77,5
2013-01-19,Newcastle,Reading,1,2,A,77,71,6
2013-01-19,Swansea,Stoke,3,1,H,74,75,-1
2013-01-19,West Brom,Aston Villa,2,2,D,74,75,-1
2013-01-19,West Ham,QPR,1,1,D,74,75,-1
2013-01-19,Wigan,Sunderland,2,3,A,74,75,-1
2013-01-20,Chelsea,Arsenal,2,1,H,81,80,1
2013-01-20,Tottenham,Man United,1,1,D,80,82,-2
2013-01-21,Southampton,Everton,0,0,D,73,76,-3
2013-01-23,Arsenal,West Ham,5,1,H,80,74,6
2013-01-29,Aston Villa,Newcastle,1,2,A,75,77,-2
2013-01-29,QPR,Man City,0,0,D,75,82,-7
2013-01-29,Stoke,Wigan,2,2,D,75,74,1
2013-01-29,Sunderland,Swansea,0,0,D,75,74,1
2013-01-30,Arsenal,Liverpool,2,2,D,80,79,1
2013-01-30,Everton,West Brom,2,1,H,76,74,2
2013-01-30,Fulham,West Ham,3,1,H,77,74,3
2013-01-30,Man United,Southampton,2,1,H,82,73,9
2013-01-30,Norwich,Tottenham,1,1,D,73,80,-7
2013-01-30,Reading,Chelsea,2,2,D,71,81,-10
2013-02-02,Arsenal,Stoke,1,0,H,80,75,5
2013-02-02,Everton,Aston Villa,3,3,D,76,75,1
2013-02-02,Fulham,Man United,0,1,A,77,82,-5
2013-02-02,Newcastle,Chelsea,3,2,H,77,81,-4
2013-02-02,QPR,Norwich,0,0,D,75,73,2
2013-02-02,Reading,Sunderland,2,1,H,71,75,-4
2013-02-02,West Ham,Swansea,1,0,H,74,74,0
2013-02-02,Wigan,Southampton,2,2,D,74,73,1
2013-02-03,Man City,Liverpool,2,2,D,82,79,3
2013-02-03,West Brom,Tottenham,0,1,A,74,80,-6
2013-02-09,Chelsea,Wigan,4,1,H,81,74,7
2013-02-09,Norwich,Fulham,0,0,D,73,77,-4
2013-02-09,Southampton,Man City,3,1,H,73,82,-9
2013-02-09,Stoke,Reading,2,1,H,75,71,4
2013-02-09,Sunderland,Arsenal,0,1,A,75,80,-5
2013-02-09,Swansea,QPR,4,1,H,74,75,-1
2013-02-09,Tottenham,Newcastle,2,1,H,80,77,3
2013-02-10,Aston Villa,West Ham,2,1,H,75,74,1
2013-02-10,Man United,Everton,2,0,H,82,76,6
2013-02-11,Liverpool,West Brom,0,2,A,79,74,5
2013-02-17,Liverpool,Swansea,5,0,H,79,74,5
2013-02-23,Arsenal,Aston Villa,2,1,H,80,75,5
2013-02-23,Fulham,Stoke,1,0,H,77,75,2
2013-02-23,Norwich,Everton,2,1,H,73,76,-3
2013-02-23,QPR,Man United,0,2,A,75,82,-7
2013-02-23,Reading,Wigan,0,3,A,71,74,-3
2013-02-23,West Brom,Sunderland,2,1,H,74,75,-1
2013-02-24,Man City,Chelsea,2,0,H,82,81,1
2013-02-24,Newcastle,Southampton,4,2,H,77,73,4
2013-02-25,West Ham,Tottenham,2,3,A,74,80,-6
2013-03-02,Chelsea,West Brom,1,0,H,81,74,7
2013-03-02,Everton,Reading,3,1,H,76,71,5
2013-03-02,Man United,Norwich,4,0,H,82,73,9
2013-03-02,Southampton,QPR,1,2,A,73,75,-2
2013-03-02,Stoke,West Ham,0,1,A,75,74,1
2013-03-02,Sunderland,Fulham,2,2,D,75,77,-2
2013-03-02,Swansea,Newcastle,1,0,H,74,77,-3
2013-03-02,Wigan,Liverpool,0,4,A,74,79,-5
2013-03-03,Tottenham,Arsenal,2,1,H,80,80,0
2013-03-04,Aston Villa,Man City,0,1,A,75,82,-7
2013-03-09,Norwich,Southampton,0,0,D,73,73,0
2013-03-09,QPR,Sunderland,3,1,H,75,75,0
2013-03-09,Reading,Aston Villa,1,2,A,71,75,-4
2013-03-09,West Brom,Swansea,2,1,H,74,74,0
2013-03-10,Liverpool,Tottenham,3,2,H,79,80,-1
2013-03-10,Newcastle,Stoke,2,1,H,77,75,2
2013-03-16,Aston Villa,QPR,3,2,H,75,75,0
2013-03-16,Everton,Man City,2,0,H,76,82,-6
2013-03-16,Man United,Reading,1,0,H,82,71,11
2013-03-16,Southampton,Liverpool,3,1,H,73,79,-6
2013-03-16,Stoke,West Brom,0,0,D,75,74,1
2013-03-16,Swansea,Arsenal,0,2,A,74,80,-6
2013-03-17,Chelsea,West Ham,2,0,H,81,74,7
2013-03-17,Sunderland,Norwich,1,1,D,75,73,2
2013-03-17,Tottenham,Fulham,0,1,A,80,77,3
2013-03-17,Wigan,Newcastle,2,1,H,74,77,-3
2013-03-30,Arsenal,Reading,4,1,H,80,71,9
2013-03-30,Everton,Stoke,1,0,H,76,75,1
2013-03-30,Man City,Newcastle,4,0,H,82,77,5
2013-03-30,Southampton,Chelsea,2,1,H,73,81,-8
2013-03-30,Sunderland,Man United,0,1,A,75,82,-7
2013-03-30,Swansea,Tottenham,1,2,A,74,80,-6
2013-03-30,West Ham,West Brom,3,1,H,74,74,0
2013-03-30,Wigan,Norwich,1,0,H,74,73,1
2013-03-31,Aston Villa,Liverpool,1,2,A,75,79,-4
2013-04-01,Fulham,QPR,3,2,H,77,75,2
2013-04-06,Norwich,Swansea,2,2,D,73,74,-1
2013-04-06,Reading,Southampton,0,2,A,71,73,-2
2013-04-06,Stoke,Aston Villa,1,3,A,75,75,0
2013-04-06,West Brom,Arsenal,1,2,A,74,80,-6
2013-04-07,Chelsea,Sunderland,2,1,H,81,75,6
2013-04-07,Liverpool,West Ham,0,0,D,79,74,5
2013-04-07,Newcastle,Fulham,1,0,H,77,77,0
2013-04-07,QPR,Wigan,1,1,D,75,74,1
2013-04-07,Tottenham,Everton,2,2,D,80,76,4
2013-04-08,Man United,Man City,1,2,A,82,82,0
2013-04-13,Arsenal,Norwich,3,1,H,80,73,7
2013-04-13,Aston Villa,Fulham,1,1,D,75,77,-2
2013-04-13,Everton,QPR,2,0,H,76,75,1
2013-04-13,Reading,Liverpool,0,0,D,71,79,-8
2013-04-13,Southampton,West Ham,1,1,D,73,74,-1
2013-04-14,Newcastle,Sunderland,0,3,A,77,75,2
2013-04-14,Stoke,Man United,0,2,A,75,82,-7
2013-04-16,Arsenal,Everton,0,0,D,80,76,4
2013-04-17,Fulham,Chelsea,0,3,A,77,81,-4
2013-04-17,Man City,Wigan,1,0,H,82,74,8
2013-04-17,West Ham,Man United,2,2,D,74,82,-8
2013-04-20,Fulham,Arsenal,0,1,A,77,80,-3
2013-04-20,Norwich,Reading,2,1,H,73,71,2
2013-04-20,QPR,Stoke,0,2,A,75,75,0
2013-04-20,Sunderland,Everton,1,0,H,75,76,-1
2013-04-20,Swansea,Southampton,0,0,D,74,73,1
2013-04-20,West Brom,Newcastle,1,1,D,74,77,-3
2013-04-20,West Ham,Wigan,2,0,H,74,74,0
2013-04-21,Liverpool,Chelsea,2,2,D,79,81,-2
2013-04-21,Tottenham,Man City,3,1,H,80,82,-2
2013-04-22,Man United,Aston Villa,3,0,H,82,75,7
2013-04-27,Everton,Fulham,1,0,H,76,77,-1
2013-04-27,Man City,West Ham,2,1,H,82,74,8
2013-04-27,Newcastle,Liverpool,0,6,A,77,79,-2
2013-04-27,Southampton,West Brom,0,3,A,73,74,-1
2013-04-27,Stoke,Norwich,1,0,H,75,73,2
2013-04-27,Wigan,Tottenham,2,2,D,74,80,-6
2013-04-28,Arsenal,Man United,1,1,D,80,82,-2
2013-04-28,Chelsea,Swansea,2,0,H,81,74,7
2013-04-28,Reading,QPR,0,0,D,71,75,-4
2013-04-29,Aston Villa,Sunderland,6,1,H,75,75,0
2013-05-04,Fulham,Reading,2,4,A,77,71,6
2013-05-04,Norwich,Aston Villa,1,2,A,73,75,-2
2013-05-04,QPR,Arsenal,0,1,A,75,80,-5
2013-05-04,Swansea,Man City,0,0,D,74,82,-8
2013-05-04,Tottenham,Southampton,1,0,H,80,73,7
2013-05-04,West Brom,Wigan,2,3,A,74,74,0
2013-05-04,West Ham,Newcastle,0,0,D,74,77,-3
2013-05-05,Liverpool,Everton,0,0,D,79,76,3
2013-05-05,Man United,Chelsea,0,1,A,82,81,1
2013-05-06,Sunderland,Stoke,1,1,D,75,75,0
2013-05-07,Man City,West Brom,1,0,H,82,74,8
2013-05-07,Wigan,Swansea,2,3,A,74,74,0
2013-05-08,Chelsea,Tottenham,2,2,D,81,80,1
2013-05-11,Aston Villa,Chelsea,1,2,A,75,81,-6
2013-05-12,Everton,West Ham,2,0,H,76,74,2
2013-05-12,Fulham,Liverpool,1,3,A,77,79,-2
2013-05-12,Man United,Swansea,2,1,H,82,74,8
2013-05-12,Norwich,West Brom,4,0,H,73,74,-1
2013-05-12,QPR,Newcastle,1,2,A,75,77,-2
2013-05-12,Stoke,Tottenham,1,2,A,75,80,-5
2013-05-12,Sunderland,Southampton,1,1,D,75,73,2
2013-05-14,Arsenal,Wigan,4,1,H,80,74,6
2013-05-14,Reading,Man City,0,2,A,71,82,-11
2013-05-19,Chelsea,Everton,2,1,H,81,76,5
2013-05-19,Liverpool,QPR,1,0,H,79,75,4
2013-05-19,Man City,Norwich,2,3,A,82,73,9
2013-05-19,Newcastle,Arsenal,0,1,A,77,80,-3
2013-05-19,Southampton,Stoke,1,1,D,73,75,-2
2013-05-19,Swansea,Fulham,0,3,A,74,77,-3
2013-05-19,Tottenham,Sunderland,1,0,H,80,75,5
2013-05-19,West Brom,Man United,5,5,D,74,82,-8
2013-05-19,West Ham,Reading,4,2,H,74,71,3
2013-05-19,Wigan,Aston Villa,2,2,D,74,75,-1
