Date,HomeTeam,AwayTeam,FTHG,FTAG,FTR,HT_match_played,HT_current_standing,HT_past_standing,HT_past_goal_diff,HT_past_win_rate,HT_goal_for,HT_goal_against,HT_goal_diff,HT_win_rate_season,AT_match_played,AT_current_standing,AT_past_standing,AT_past_goal_diff,AT_past_win_rate,AT_goal_for,AT_goal_against,AT_goal_diff,AT_win_rate_season,HT_3_win_streak,HT_5_win_streak,HT_3_lose_Streak,HT_5_lose_Streak,AT_3_win_streak,AT_5_win_streak,AT_3_lose_Streak,AT_5_lose_Streak,HT_5_win_rate,AT_5_win_rate,current_standing_diff,past_standing_diff,past_goal_diff_diff,past_win_rate_diff,win_rate_season_diff,goal_diff_diff
1994-08-20,Arsenal,Man City,3,0,H,0,0,-1,-1,0,0,0,0,,0,0,-1,-1,0,0,0,0,,0,0,0,0,0,0,0,0,,,0,0,0,0,,0
1994-08-20,Chelsea,Norwich,2,0,H,0,0,-1,-1,0,0,0,0,,0,0,-1,-1,0,0,0,0,,0,0,0,0,0,0,0,0,,,0,0,0,0,,0
1994-08-20,Coventry,Wimbledon,1,1,D,0,0,-1,-1,0,0,0,0,,0,0,-1,-1,0,0,0,0,,0,0,0,0,0,0,0,0,,,0,0,0,0,,0
1994-08-20,Crystal Palace,Liverpool,1,6,A,0,0,-1,-1,0,0,0,0,,0,0,-1,-1,0,0,0,0,,0,0,0,0,0,0,0,0,,,0,0,0,0,,0
1994-08-20,Everton,Aston Villa,2,2,D,0,0,-1,-1,0,0,0,0,,0,0,-1,-1,0,0,0,0,,0,0,0,0,0,0,0,0,,,0,0,0,0,,0
1994-08-20,Ipswich,Nott'm Forest,0,1,A,0,0,-1,-1,0,0,0,0,,0,0,-1,-1,0,0,0,0,,0,0,0,0,0,0,0,0,,,0,0,0,0,,0
1994-08-20,Man United,QPR,2,0,H,0,0,-1,-1,0,0,0,0,,0,0,-1,-1,0,0,0,0,,0,0,0,0,0,0,0,0,,,0,0,0,0,,0
1994-08-20,Sheffield Weds,Tottenham,3,4,A,0,0,-1,-1,0,0,0,0,,0,0,-1,-1,0,0,0,0,,0,0,0,0,0,0,0,0,,,0,0,0,0,,0
1994-08-20,Southampton,Blackburn,1,1,D,0,0,-1,-1,0,0,0,0,,0,0,-1,-1,0,0,0,0,,0,0,0,0,0,0,0,0,,,0,0,0,0,,0
1994-08-20,West Ham,Leeds,0,0,D,0,0,-1,-1,0,0,0,0,,0,0,-1,-1,0,0,0,0,,0,0,0,0,0,0,0,0,,,0,0,0,0,,0
1994-08-21,Leicester,Newcastle,1,3,A,0,0,-1,-1,0,0,0,0,,0,0,-1,-1,0,0,0,0,,0,0,0,0,0,0,0,0,,,0,0,0,0,,0
1994-08-22,Nott'm Forest,Man United,1,1,D,1,3,-1,-1,0,1,0,1,1.0,1,3,-1,-1,0,2,0,2,1.0,0,0,0,0,0,0,0,0,,,0,0,0,0,0.0,-1
1994-08-23,Blackburn,Leicester,3,0,H,1,1,-1,-1,0,1,1,0,0.0,1,0,-1,-1,0,1,3,-2,0.0,0,0,0,0,0,0,0,0,,,1,0,0,0,0.0,2
1994-08-23,Leeds,Arsenal,1,0,H,1,1,-1,-1,0,0,0,0,0.0,1,3,-1,-1,0,3,0,3,1.0,0,0,0,0,0,0,0,0,,,-2,0,0,0,-1.0,-3
1994-08-23,Wimbledon,Ipswich,1,1,D,1,1,-1,-1,0,1,1,0,0.0,1,0,-1,-1,0,0,1,-1,0.0,0,0,0,0,0,0,0,0,,,1,0,0,0,0.0,1
1994-08-24,Aston Villa,Southampton,1,1,D,1,1,-1,-1,0,2,2,0,0.0,1,1,-1,-1,0,1,1,0,0.0,0,0,0,0,0,0,0,0,,,0,0,0,0,0.0,0
1994-08-24,Man City,West Ham,3,0,H,1,0,-1,-1,0,0,3,-3,0.0,1,1,-1,-1,0,0,0,0,0.0,0,0,0,0,0,0,0,0,,,-1,0,0,0,0.0,-3
1994-08-24,Newcastle,Coventry,4,0,H,1,3,-1,-1,0,3,1,2,1.0,1,1,-1,-1,0,1,1,0,0.0,0,0,0,0,0,0,0,0,,,2,0,0,0,1.0,2
1994-08-24,Norwich,Crystal Palace,0,0,D,1,0,-1,-1,0,0,2,-2,0.0,1,0,-1,-1,0,1,6,-5,0.0,0,0,0,0,0,0,0,0,,,0,0,0,0,0.0,3
1994-08-24,QPR,Sheffield Weds,3,2,H,1,0,-1,-1,0,0,2,-2,0.0,1,0,-1,-1,0,3,4,-1,0.0,0,0,0,0,0,0,0,0,,,0,0,0,0,0.0,-1
1994-08-24,Tottenham,Everton,2,1,H,1,3,-1,-1,0,4,3,1,1.0,1,1,-1,-1,0,2,2,0,0.0,0,0,0,0,0,0,0,0,,,2,0,0,0,1.0,1
1994-08-27,Aston Villa,Crystal Palace,1,1,D,2,2,-1,-1,0,3,3,0,0.0,2,1,-1,-1,0,1,6,-5,0.0,0,0,0,0,0,0,0,0,,,1,0,0,0,0.0,5
1994-08-27,Blackburn,Coventry,4,0,H,2,4,-1,-1,0,4,1,3,0.5,2,1,-1,-1,0,1,5,-4,0.0,0,0,0,0,0,0,0,0,,,3,0,0,0,0.5,7
1994-08-27,Leeds,Chelsea,2,3,A,2,4,-1,-1,0,1,0,1,0.5,1,3,-1,-1,0,2,0,2,1.0,0,0,0,0,0,0,0,0,,,1,0,0,0,-0.5,-1
1994-08-27,Man City,Everton,4,0,H,2,3,-1,-1,0,3,3,0,0.5,2,1,-1,-1,0,3,4,-1,0.0,0,0,0,0,0,0,0,0,,,2,0,0,0,0.5,1
1994-08-27,Newcastle,Southampton,5,1,H,2,6,-1,-1,0,7,1,6,1.0,2,2,-1,-1,0,2,2,0,0.0,0,0,0,0,0,0,0,0,,,4,0,0,0,1.0,6
1994-08-27,Norwich,West Ham,1,0,H,2,1,-1,-1,0,0,2,-2,0.0,2,1,-1,-1,0,0,3,-3,0.0,0,0,0,0,0,0,0,0,,,0,0,0,0,0.0,1
1994-08-27,Nott'm Forest,Leicester,1,0,H,2,4,-1,-1,0,2,1,1,0.5,2,0,-1,-1,0,1,6,-5,0.0,0,0,0,0,0,0,0,0,,,4,0,0,0,0.5,6
1994-08-27,QPR,Ipswich,1,2,A,2,3,-1,-1,0,3,4,-1,0.5,2,1,-1,-1,0,1,2,-1,0.0,0,0,0,0,0,0,0,0,,,2,0,0,0,0.5,0
1994-08-27,Tottenham,Man United,0,1,A,2,6,-1,-1,0,6,4,2,1.0,2,4,-1,-1,0,3,1,2,0.5,0,0,0,0,0,0,0,0,,,2,0,0,0,0.5,0
1994-08-27,Wimbledon,Sheffield Weds,0,1,A,2,2,-1,-1,0,2,2,0,0.0,2,0,-1,-1,0,5,7,-2,0.0,0,0,0,0,0,0,0,0,,,2,0,0,0,0.0,2
1994-08-28,Liverpool,Arsenal,3,0,H,1,3,-1,-1,0,6,1,5,1.0,2,3,-1,-1,0,3,1,2,0.5,0,0,0,0,0,0,0,0,,,0,0,0,0,0.5,3
1994-08-29,Coventry,Aston Villa,0,1,A,3,1,-1,-1,0,1,9,-8,0.0,3,3,-1,-1,0,4,4,0,0.0,0,0,0,0,0,0,0,0,,,-2,0,0,0,0.0,-8
1994-08-30,Crystal Palace,Leeds,1,2,A,3,2,-1,-1,0,2,7,-5,0.0,3,4,-1,-1,0,3,3,0,0.3333333333333333,0,0,0,0,0,0,0,0,,,-2,0,0,0,-0.3333333333333333,-5
1994-08-30,Everton,Nott'm Forest,1,2,A,3,1,-1,-1,0,3,8,-5,0.0,3,7,-1,-1,0,3,1,2,0.6666666666666666,0,0,0,0,0,0,0,0,,,-6,0,0,0,-0.6666666666666666,-7
1994-08-30,Ipswich,Tottenham,1,3,A,3,4,-1,-1,0,3,3,0,0.3333333333333333,3,6,-1,-1,0,6,5,1,0.6666666666666666,0,0,0,0,0,0,0,0,,,-2,0,0,0,-0.3333333333333333,-1
1994-08-31,Arsenal,Blackburn,0,0,D,3,3,-1,-1,0,3,4,-1,0.3333333333333333,3,7,-1,-1,0,8,1,7,0.6666666666666666,0,0,0,0,0,0,0,0,,,-4,0,0,0,-0.3333333333333333,-8
1994-08-31,Chelsea,Man City,3,0,H,2,6,-1,-1,0,5,2,3,1.0,3,6,-1,-1,0,7,3,4,0.6666666666666666,0,0,0,0,0,0,0,0,,,0,0,0,0,0.33333333333333337,-1
1994-08-31,Leicester,QPR,1,1,D,3,0,-1,-1,0,1,7,-6,0.0,3,3,-1,-1,0,4,6,-2,0.3333333333333333,0,0,0,0,0,0,0,0,,,-3,0,0,0,-0.3333333333333333,-4
1994-08-31,Man United,Wimbledon,3,0,H,3,7,-1,-1,0,4,1,3,0.6666666666666666,3,2,-1,-1,0,2,3,-1,0.0,0,0,0,0,0,0,0,0,,,5,0,0,0,0.6666666666666666,4
1994-08-31,Sheffield Weds,Norwich,0,0,D,3,3,-1,-1,0,6,7,-1,0.3333333333333333,3,4,-1,-1,0,1,2,-1,0.3333333333333333,0,0,0,0,0,0,0,0,,,-1,0,0,0,0.0,0
1994-08-31,Southampton,Liverpool,0,2,A,3,2,-1,-1,0,3,7,-4,0.0,2,6,-1,-1,0,9,1,8,1.0,0,0,0,0,0,0,0,0,,,-4,0,0,0,-1.0,-12
1994-08-31,West Ham,Newcastle,1,3,A,3,1,-1,-1,0,0,4,-4,0.0,3,9,-1,-1,0,12,2,10,1.0,0,0,0,0,0,0,0,0,,,-8,0,0,0,-1.0,-14
1994-09-10,Aston Villa,Ipswich,2,0,H,4,6,-1,-1,0,5,4,1,0.25,4,4,-1,-1,0,4,6,-2,0.25,0,0,0,0,0,0,0,0,,,2,0,0,0,0.0,3
1994-09-10,Blackburn,Everton,3,0,H,4,8,-1,-1,0,8,1,7,0.5,4,1,-1,-1,0,4,10,-6,0.0,0,0,0,0,0,0,1,0,,,7,0,0,0,0.5,13
1994-09-10,Liverpool,West Ham,0,0,D,3,9,-1,-1,0,11,1,10,1.0,4,1,-1,-1,0,1,7,-6,0.0,0,0,0,0,0,0,1,0,,,8,0,0,0,1.0,16
1994-09-10,Man City,Crystal Palace,1,1,D,4,6,-1,-1,0,7,6,1,0.5,4,2,-1,-1,0,3,9,-6,0.0,0,0,0,0,0,0,0,0,,,4,0,0,0,0.5,7
1994-09-10,Newcastle,Chelsea,4,2,H,4,12,-1,-1,0,15,3,12,1.0,3,9,-1,-1,0,8,2,6,1.0,1,0,0,0,0,0,0,0,,,3,0,0,0,0.0,6
1994-09-10,Norwich,Arsenal,0,0,D,4,5,-1,-1,0,1,2,-1,0.25,4,4,-1,-1,0,3,4,-1,0.25,0,0,0,0,0,0,0,0,,,1,0,0,0,0.0,0
1994-09-10,Nott'm Forest,Sheffield Weds,4,1,H,4,10,-1,-1,0,5,2,3,0.75,4,4,-1,-1,0,6,7,-1,0.25,0,0,0,0,0,0,0,0,,,6,0,0,0,0.5,4
1994-09-10,QPR,Coventry,2,2,D,4,4,-1,-1,0,5,7,-2,0.25,4,1,-1,-1,0,1,10,-9,0.0,0,0,0,0,0,0,1,0,,,3,0,0,0,0.25,7
1994-09-10,Wimbledon,Leicester,2,1,H,4,2,-1,-1,0,2,6,-4,0.0,4,1,-1,-1,0,2,8,-6,0.0,0,0,0,0,0,0,0,0,,,1,0,0,0,0.0,2
1994-09-11,Leeds,Man United,2,1,H,4,7,-1,-1,0,5,4,1,0.5,4,10,-1,-1,0,7,1,6,0.75,0,0,0,0,0,0,0,0,,,-3,0,0,0,-0.25,-5
1994-09-12,Tottenham,Southampton,1,2,A,4,9,-1,-1,0,9,6,3,0.75,4,2,-1,-1,0,3,9,-6,0.0,0,0,0,0,0,0,0,0,,,7,0,0,0,0.75,9
1994-09-17,Coventry,Leeds,2,1,H,5,2,-1,-1,0,3,12,-9,0.0,5,10,-1,-1,0,7,5,2,0.6,0,0,0,0,0,0,0,0,0.0,0.6,-8,0,0,0,-0.6,-11
1994-09-17,Crystal Palace,Wimbledon,0,0,D,5,3,-1,-1,0,4,10,-6,0.0,5,5,-1,-1,0,4,7,-3,0.2,0,0,0,0,0,0,0,0,0.0,0.2,-2,0,0,0,-0.2,-3
1994-09-17,Everton,QPR,2,2,D,5,1,-1,-1,0,4,13,-9,0.0,5,5,-1,-1,0,7,9,-2,0.2,0,0,1,0,0,0,0,0,0.0,0.2,-4,0,0,0,-0.2,-7
1994-09-17,Leicester,Tottenham,3,1,H,5,1,-1,-1,0,3,10,-7,0.0,5,9,-1,-1,0,10,8,2,0.6,0,0,0,0,0,0,0,0,0.0,0.6,-8,0,0,0,-0.6,-9
1994-09-17,Man United,Liverpool,2,0,H,5,10,-1,-1,0,8,3,5,0.6,4,10,-1,-1,0,11,1,10,0.75,0,0,0,0,0,0,0,0,0.6,,0,0,0,0,-0.15000000000000002,-5
1994-09-17,Sheffield Weds,Man City,1,1,D,5,4,-1,-1,0,7,11,-4,0.2,5,7,-1,-1,0,8,7,1,0.4,0,0,0,0,0,0,0,0,0.2,0.4,-3,0,0,0,-0.2,-5
1994-09-17,Southampton,Nott'm Forest,1,1,D,5,5,-1,-1,0,5,10,-5,0.2,5,13,-1,-1,0,9,3,6,0.8,0,0,0,0,1,0,0,0,0.2,0.8,-8,0,0,0,-0.6000000000000001,-11
1994-09-17,West Ham,Aston Villa,1,0,H,5,2,-1,-1,0,1,7,-6,0.0,5,9,-1,-1,0,7,4,3,0.4,0,0,0,0,0,0,0,0,0.0,0.4,-7,0,0,0,-0.4,-9
1994-09-18,Arsenal,Newcastle,2,3,A,5,5,-1,-1,0,3,4,-1,0.2,5,15,-1,-1,0,19,5,14,1.0,0,0,0,0,1,1,0,0,0.2,1.0,-10,0,0,0,-0.8,-15
1994-09-18,Chelsea,Blackburn,1,2,A,4,9,-1,-1,0,10,6,4,0.75,5,11,-1,-1,0,11,1,10,0.6,0,0,0,0,0,0,0,0,,0.6,-2,0,0,0,0.15000000000000002,-6
1994-09-19,Ipswich,Norwich,1,2,A,5,4,-1,-1,0,4,8,-4,0.2,5,6,-1,-1,0,1,2,-1,0.2,0,0,0,0,0,0,0,0,0.2,0.2,-2,0,0,0,0.0,-3
1994-09-24,Blackburn,Aston Villa,3,1,H,6,14,-1,-1,0,13,2,11,0.6666666666666666,6,9,-1,-1,0,7,5,2,0.3333333333333333,0,0,0,0,0,0,0,0,0.8,0.4,5,0,0,0,0.3333333333333333,9
1994-09-24,Coventry,Southampton,1,3,A,6,5,-1,-1,0,5,13,-8,0.16666666666666666,6,6,-1,-1,0,6,11,-5,0.16666666666666666,0,0,0,0,0,0,0,0,0.2,0.2,-1,0,0,0,0.0,-3
1994-09-24,Crystal Palace,Chelsea,0,1,A,6,4,-1,-1,0,4,10,-6,0.0,5,9,-1,-1,0,11,8,3,0.6,0,0,0,0,0,0,0,0,0.0,0.6,-5,0,0,0,-0.6,-9
1994-09-24,Everton,Leicester,1,1,D,6,2,-1,-1,0,6,15,-9,0.0,6,4,-1,-1,0,6,11,-5,0.16666666666666666,0,0,0,0,0,0,0,0,0.0,0.2,-2,0,0,0,-0.16666666666666666,-4
1994-09-24,Ipswich,Man United,3,2,H,6,4,-1,-1,0,5,10,-5,0.16666666666666666,6,13,-1,-1,0,10,3,7,0.6666666666666666,0,0,1,0,0,0,0,0,0.2,0.6,-9,0,0,0,-0.5,-12
1994-09-24,Man City,Norwich,2,0,H,6,8,-1,-1,0,9,8,1,0.3333333333333333,6,9,-1,-1,0,3,3,0,0.3333333333333333,0,0,0,0,0,0,0,0,0.4,0.4,-1,0,0,0,0.0,1
1994-09-24,Newcastle,Liverpool,1,1,D,6,18,-1,-1,0,22,7,15,1.0,5,10,-1,-1,0,11,3,8,0.6,1,1,0,0,0,0,0,0,1.0,0.6,8,0,0,0,0.4,7
1994-09-24,QPR,Wimbledon,0,1,A,6,6,-1,-1,0,9,11,-2,0.16666666666666666,6,6,-1,-1,0,4,7,-3,0.16666666666666666,0,0,0,0,0,0,0,0,0.2,0.2,0,0,0,0,0.0,1
1994-09-24,Tottenham,Nott'm Forest,1,4,A,6,9,-1,-1,0,11,11,0,0.5,6,14,-1,-1,0,10,4,6,0.6666666666666666,0,0,0,0,0,0,0,0,0.4,0.6,-5,0,0,0,-0.16666666666666663,-6
1994-09-25,West Ham,Arsenal,0,2,A,6,5,-1,-1,0,2,7,-5,0.16666666666666666,6,5,-1,-1,0,5,7,-2,0.16666666666666666,0,0,0,0,0,0,0,0,0.2,0.0,0,0,0,0,0.0,-3
1994-09-26,Sheffield Weds,Leeds,1,1,D,6,5,-1,-1,0,8,12,-4,0.16666666666666666,6,10,-1,-1,0,8,7,1,0.5,0,0,0,0,0,0,0,0,0.2,0.6,-5,0,0,0,-0.33333333333333337,-5
1994-10-01,Arsenal,Crystal Palace,1,2,A,7,8,-1,-1,0,7,7,0,0.2857142857142857,7,4,-1,-1,0,4,11,-7,0.0,0,0,0,0,0,0,0,0,0.2,0.0,4,0,0,0,0.2857142857142857,7
1994-10-01,Aston Villa,Newcastle,0,2,A,7,9,-1,-1,0,8,8,0,0.2857142857142857,7,19,-1,-1,0,23,8,15,0.8571428571428571,0,0,0,0,0,0,0,0,0.4,0.8,-10,0,0,0,-0.5714285714285714,-15
1994-10-01,Leeds,Man City,2,0,H,7,11,-1,-1,0,9,8,1,0.42857142857142855,7,11,-1,-1,0,11,8,3,0.42857142857142855,0,0,0,0,0,0,0,0,0.4,0.4,0,0,0,0,0.0,-2
1994-10-01,Liverpool,Sheffield Weds,4,1,H,6,11,-1,-1,0,12,4,8,0.5,7,6,-1,-1,0,9,13,-4,0.14285714285714285,0,0,0,0,0,0,0,0,0.4,0.2,5,0,0,0,0.35714285714285715,12
1994-10-01,Man United,Everton,2,0,H,7,13,-1,-1,0,12,6,6,0.5714285714285714,7,3,-1,-1,0,7,16,-9,0.0,0,0,0,0,0,0,0,0,0.6,0.0,10,0,0,0,0.5714285714285714,15
1994-10-01,Norwich,Blackburn,2,1,H,7,9,-1,-1,0,3,5,-2,0.2857142857142857,7,17,-1,-1,0,16,3,13,0.7142857142857143,0,0,0,0,1,0,0,0,0.4,0.8,-8,0,0,0,-0.4285714285714286,-15
1994-10-01,Southampton,Ipswich,3,1,H,7,9,-1,-1,0,9,12,-3,0.2857142857142857,7,7,-1,-1,0,8,12,-4,0.2857142857142857,0,0,0,0,0,0,0,0,0.4,0.4,2,0,0,0,0.0,1
1994-10-01,Wimbledon,Tottenham,1,2,A,7,9,-1,-1,0,5,7,-2,0.2857142857142857,7,9,-1,-1,0,12,15,-3,0.42857142857142855,0,0,0,0,0,0,1,0,0.4,0.2,0,0,0,0,-0.14285714285714285,1
1994-10-02,Chelsea,West Ham,1,2,A,6,12,-1,-1,0,12,8,4,0.6666666666666666,7,5,-1,-1,0,2,9,-7,0.14285714285714285,0,0,0,0,0,0,0,0,0.6,0.2,7,0,0,0,0.5238095238095237,11
1994-10-02,Nott'm Forest,QPR,3,2,H,7,17,-1,-1,0,14,5,9,0.7142857142857143,7,6,-1,-1,0,9,12,-3,0.14285714285714285,0,0,0,0,0,0,0,0,0.8,0.0,11,0,0,0,0.5714285714285714,12
1994-10-03,Leicester,Coventry,2,2,D,7,5,-1,-1,0,7,12,-5,0.14285714285714285,7,5,-1,-1,0,6,16,-10,0.14285714285714285,0,0,0,0,0,0,0,0,0.2,0.2,0,0,0,0,0.0,5
1994-10-08,Chelsea,Leicester,4,0,H,7,12,-1,-1,0,13,10,3,0.5714285714285714,8,6,-1,-1,0,9,14,-5,0.125,0,0,0,0,0,0,0,0,0.4,0.2,6,0,0,0,0.4464285714285714,8
1994-10-08,Liverpool,Aston Villa,3,2,H,7,14,-1,-1,0,16,5,11,0.5714285714285714,8,9,-1,-1,0,8,10,-2,0.25,0,0,0,0,0,0,1,0,0.4,0.4,5,0,0,0,0.3214285714285714,13
1994-10-08,Man City,Nott'm Forest,3,3,D,8,11,-1,-1,0,11,10,1,0.375,8,20,-1,-1,0,17,7,10,0.75,0,0,0,0,0,0,0,0,0.2,0.8,-9,0,0,0,-0.375,-9
1994-10-08,Norwich,Leeds,2,1,H,8,12,-1,-1,0,5,6,-1,0.375,8,14,-1,-1,0,11,8,3,0.5,0,0,0,0,0,0,0,0,0.4,0.6,-2,0,0,0,-0.125,-4
1994-10-08,Sheffield Weds,Man United,1,0,H,8,6,-1,-1,0,10,17,-7,0.125,8,16,-1,-1,0,14,6,8,0.625,0,0,0,0,0,0,0,0,0.0,0.6,-10,0,0,0,-0.5,-15
1994-10-08,Southampton,Everton,2,0,H,8,12,-1,-1,0,12,13,-1,0.375,8,3,-1,-1,0,7,18,-11,0.0,0,0,0,0,0,0,0,0,0.6,0.0,9,0,0,0,0.375,10
1994-10-08,Tottenham,QPR,1,1,D,8,12,-1,-1,0,14,16,-2,0.5,8,6,-1,-1,0,11,15,-4,0.125,0,0,0,0,0,0,0,0,0.4,0.0,6,0,0,0,0.375,2
1994-10-08,West Ham,Crystal Palace,1,0,H,8,8,-1,-1,0,4,10,-6,0.25,8,7,-1,-1,0,6,12,-6,0.125,0,0,0,0,0,0,0,0,0.4,0.2,1,0,0,0,0.125,0
1994-10-08,Wimbledon,Arsenal,1,3,A,8,9,-1,-1,0,6,9,-3,0.25,8,8,-1,-1,0,8,9,-1,0.25,0,0,0,0,0,0,0,0,0.4,0.2,1,0,0,0,0.0,-2
1994-10-09,Newcastle,Blackburn,1,1,D,8,22,-1,-1,0,25,8,17,0.875,8,17,-1,-1,0,17,5,12,0.625,0,0,0,0,0,0,0,0,0.8,0.6,5,0,0,0,0.25,5
1994-10-10,Coventry,Ipswich,2,0,H,8,6,-1,-1,0,8,18,-10,0.125,8,7,-1,-1,0,9,15,-6,0.25,0,0,0,0,0,0,0,0,0.2,0.2,-1,0,0,0,-0.125,-4
1994-10-15,Arsenal,Chelsea,3,1,H,9,11,-1,-1,0,11,10,1,0.3333333333333333,8,15,-1,-1,0,17,10,7,0.625,0,0,0,0,0,0,0,0,0.4,0.4,-4,0,0,0,-0.2916666666666667,-6
1994-10-15,Aston Villa,Norwich,1,1,D,9,9,-1,-1,0,10,13,-3,0.2222222222222222,9,15,-1,-1,0,7,7,0,0.4444444444444444,0,0,1,0,0,0,0,0,0.2,0.6,-6,0,0,0,-0.2222222222222222,-3
1994-10-15,Blackburn,Liverpool,3,2,H,9,18,-1,-1,0,18,6,12,0.5555555555555556,8,17,-1,-1,0,19,7,12,0.625,0,0,0,0,0,0,0,0,0.6,0.4,1,0,0,0,-0.06944444444444442,0
1994-10-15,Crystal Palace,Newcastle,0,1,A,9,7,-1,-1,0,6,13,-7,0.1111111111111111,9,23,-1,-1,0,26,9,17,0.7777777777777778,0,0,0,0,0,0,0,0,0.2,0.6,-16,0,0,0,-0.6666666666666667,-24
1994-10-15,Everton,Coventry,0,2,A,9,3,-1,-1,0,7,20,-13,0.0,9,9,-1,-1,0,10,18,-8,0.2222222222222222,0,0,0,0,0,0,0,0,0.0,0.4,-6,0,0,0,-0.2222222222222222,-5
1994-10-15,Leeds,Tottenham,1,1,D,9,14,-1,-1,0,12,10,2,0.4444444444444444,9,13,-1,-1,0,15,17,-2,0.4444444444444444,0,0,0,0,0,0,0,0,0.4,0.2,1,0,0,0,0.0,4
1994-10-15,Leicester,Southampton,4,3,H,9,6,-1,-1,0,9,18,-9,0.1111111111111111,9,15,-1,-1,0,14,13,1,0.4444444444444444,0,0,0,0,1,0,0,0,0.2,0.8,-9,0,0,0,-0.3333333333333333,-10
1994-10-15,Man United,West Ham,1,0,H,9,16,-1,-1,0,14,7,7,0.5555555555555556,9,11,-1,-1,0,5,10,-5,0.3333333333333333,0,0,0,0,0,0,0,0,0.4,0.6,5,0,0,0,0.22222222222222227,12
1994-10-15,QPR,Man City,1,2,A,9,7,-1,-1,0,12,16,-4,0.1111111111111111,9,12,-1,-1,0,14,13,1,0.3333333333333333,0,0,0,0,0,0,0,0,0.0,0.2,-5,0,0,0,-0.2222222222222222,-5
1994-10-16,Ipswich,Sheffield Weds,1,2,A,9,7,-1,-1,0,9,17,-8,0.2222222222222222,9,9,-1,-1,0,11,17,-6,0.2222222222222222,0,0,0,0,0,0,0,0,0.2,0.2,-2,0,0,0,0.0,-2
1994-10-17,Nott'm Forest,Wimbledon,3,1,H,9,21,-1,-1,0,20,10,10,0.6666666666666666,9,9,-1,-1,0,7,12,-5,0.2222222222222222,0,0,0,0,0,0,0,0,0.6,0.4,12,0,0,0,0.4444444444444444,15
1994-10-22,Aston Villa,Nott'm Forest,0,2,A,10,10,-1,-1,0,11,14,-3,0.2,10,24,-1,-1,0,23,11,12,0.7,0,0,0,0,0,0,0,0,0.0,0.6,-14,0,0,0,-0.49999999999999994,-15
1994-10-22,Crystal Palace,Everton,1,0,H,10,7,-1,-1,0,6,14,-8,0.1,10,3,-1,-1,0,7,22,-15,0.0,0,0,0,0,0,0,1,0,0.2,0.0,4,0,0,0,0.1,7
1994-10-22,Liverpool,Wimbledon,3,0,H,9,17,-1,-1,0,21,10,11,0.5555555555555556,10,9,-1,-1,0,8,15,-7,0.2,0,0,0,0,0,0,1,0,0.4,0.2,8,0,0,0,0.35555555555555557,18
1994-10-22,Man City,Tottenham,5,2,H,10,15,-1,-1,0,16,14,2,0.4,10,14,-1,-1,0,16,18,-2,0.4,0,0,0,0,0,0,0,0,0.4,0.2,1,0,0,0,0.0,4
1994-10-22,Newcastle,Sheffield Weds,2,1,H,10,26,-1,-1,0,27,9,18,0.8,10,12,-1,-1,0,13,18,-5,0.3,0,0,0,0,0,0,0,0,0.6,0.4,14,0,0,0,0.5,23
1994-10-22,Norwich,QPR,4,2,H,10,16,-1,-1,0,8,8,0,0.4,10,7,-1,-1,0,13,18,-5,0.1,0,0,0,0,0,0,0,0,0.6,0.0,9,0,0,0,0.30000000000000004,5
1994-10-22,West Ham,Southampton,2,0,H,10,11,-1,-1,0,5,11,-6,0.3,10,15,-1,-1,0,17,17,0,0.4,0,0,0,0,0,0,0,0,0.6,0.6,-4,0,0,0,-0.10000000000000003,-6
1994-10-23,Arsenal,Coventry,2,1,H,10,14,-1,-1,0,14,11,3,0.4,10,12,-1,-1,0,12,18,-6,0.3,0,0,0,0,0,0,0,0,0.6,0.6,2,0,0,0,0.10000000000000003,9
1994-10-23,Blackburn,Man United,2,4,A,10,21,-1,-1,0,21,8,13,0.6,10,19,-1,-1,0,15,7,8,0.6,0,0,0,0,0,0,0,0,0.6,0.6,2,0,0,0,0.0,5
1994-10-23,Chelsea,Ipswich,2,0,H,9,15,-1,-1,0,18,13,5,0.5555555555555556,10,7,-1,-1,0,10,19,-9,0.2,0,0,0,0,0,0,1,0,0.4,0.2,8,0,0,0,0.35555555555555557,14
1994-10-24,Leeds,Leicester,2,1,H,10,15,-1,-1,0,13,11,2,0.4,10,9,-1,-1,0,13,21,-8,0.2,0,0,0,0,0,0,0,0,0.2,0.4,6,0,0,0,0.2,10
1994-10-29,Coventry,Man City,1,0,H,11,12,-1,-1,0,13,20,-7,0.2727272727272727,11,18,-1,-1,0,21,16,5,0.45454545454545453,0,0,0,0,0,0,0,0,0.4,0.6,-6,0,0,0,-0.18181818181818182,-12
1994-10-29,Everton,Arsenal,1,1,D,11,3,-1,-1,0,7,23,-16,0.0,11,17,-1,-1,0,16,12,4,0.45454545454545453,0,0,1,0,1,0,0,0,0.0,0.8,-14,0,0,0,-0.45454545454545453,-20
1994-10-29,Ipswich,Liverpool,1,3,A,11,7,-1,-1,0,10,21,-11,0.18181818181818182,10,20,-1,-1,0,24,10,14,0.6,0,0,1,0,0,0,0,0,0.2,0.6,-13,0,0,0,-0.41818181818181815,-25
1994-10-29,Leicester,Crystal Palace,0,1,A,11,9,-1,-1,0,14,23,-9,0.18181818181818182,11,10,-1,-1,0,7,14,-7,0.18181818181818182,0,0,0,0,0,0,0,0,0.2,0.4,-1,0,0,0,0.0,-2
1994-10-29,Man United,Newcastle,2,0,H,11,22,-1,-1,0,19,9,10,0.6363636363636364,11,29,-1,-1,0,29,10,19,0.8181818181818182,0,0,0,0,0,0,0,0,0.6,0.6,-7,0,0,0,-0.18181818181818188,-9
1994-10-29,Nott'm Forest,Blackburn,0,2,A,11,27,-1,-1,0,25,11,14,0.7272727272727273,11,21,-1,-1,0,23,12,11,0.5454545454545454,0,0,0,0,0,0,0,0,0.8,0.4,6,0,0,0,0.18181818181818188,3
1994-10-29,QPR,Aston Villa,2,0,H,11,7,-1,-1,0,15,22,-7,0.09090909090909091,11,10,-1,-1,0,11,16,-5,0.18181818181818182,0,0,0,0,0,0,0,0,0.0,0.0,-3,0,0,0,-0.09090909090909091,-2
1994-10-29,Sheffield Weds,Chelsea,1,1,D,11,12,-1,-1,0,14,20,-6,0.2727272727272727,10,18,-1,-1,0,20,13,7,0.6,0,0,0,0,0,0,0,0,0.4,0.6,-6,0,0,0,-0.32727272727272727,-13
1994-10-29,Southampton,Leeds,1,3,A,11,15,-1,-1,0,17,19,-2,0.36363636363636365,11,18,-1,-1,0,15,12,3,0.45454545454545453,0,0,0,0,0,0,0,0,0.6,0.4,-3,0,0,0,-0.09090909090909088,-5
1994-10-29,Tottenham,West Ham,3,1,H,11,14,-1,-1,0,18,23,-5,0.36363636363636365,11,14,-1,-1,0,7,11,-4,0.36363636363636365,0,0,0,0,0,0,0,0,0.2,0.6,0,0,0,0,0.0,-1
1994-10-30,Wimbledon,Norwich,1,0,H,11,9,-1,-1,0,8,18,-10,0.18181818181818182,11,19,-1,-1,0,12,10,2,0.45454545454545453,0,0,1,0,0,0,0,0,0.2,0.6,-10,0,0,0,-0.2727272727272727,-12
1994-10-31,QPR,Liverpool,2,1,H,12,10,-1,-1,0,17,22,-5,0.16666666666666666,11,23,-1,-1,0,27,11,16,0.6363636363636364,0,0,0,0,0,0,0,0,0.2,0.8,-13,0,0,0,-0.4696969696969697,-21
1994-11-01,Everton,West Ham,1,0,H,12,4,-1,-1,0,8,24,-16,0.0,12,14,-1,-1,0,8,14,-6,0.3333333333333333,0,0,0,0,0,0,0,0,0.0,0.6,-10,0,0,0,-0.3333333333333333,-10
1994-11-01,Ipswich,Leeds,2,0,H,12,7,-1,-1,0,11,24,-13,0.16666666666666666,12,21,-1,-1,0,18,13,5,0.5,0,0,1,1,0,0,0,0,0.0,0.6,-14,0,0,0,-0.33333333333333337,-18
1994-11-02,Coventry,Crystal Palace,1,4,A,12,15,-1,-1,0,14,20,-6,0.3333333333333333,12,13,-1,-1,0,8,14,-6,0.25,0,0,0,0,0,0,0,0,0.6,0.6,2,0,0,0,0.08333333333333331,0
1994-11-02,Sheffield Weds,Blackburn,0,1,A,12,13,-1,-1,0,15,21,-6,0.25,12,24,-1,-1,0,25,12,13,0.5833333333333334,0,0,0,0,0,0,0,0,0.4,0.4,-11,0,0,0,-0.33333333333333337,-19
1994-11-02,Southampton,Norwich,1,1,D,12,15,-1,-1,0,18,22,-4,0.3333333333333333,12,19,-1,-1,0,12,11,1,0.4166666666666667,0,0,1,0,0,0,0,0,0.4,0.6,-4,0,0,0,-0.08333333333333337,-5
1994-11-05,Blackburn,Tottenham,2,0,H,13,27,-1,-1,0,26,12,14,0.6153846153846154,12,17,-1,-1,0,21,24,-3,0.4166666666666667,0,0,0,0,0,0,0,0,0.6,0.4,10,0,0,0,0.19871794871794873,17
1994-11-05,Crystal Palace,Ipswich,3,0,H,13,16,-1,-1,0,12,15,-3,0.3076923076923077,13,10,-1,-1,0,13,24,-11,0.23076923076923078,1,0,0,0,0,0,0,0,0.6,0.2,6,0,0,0,0.07692307692307693,8
1994-11-05,Leeds,Wimbledon,3,1,H,13,21,-1,-1,0,18,15,3,0.46153846153846156,12,12,-1,-1,0,9,18,-9,0.25,0,0,0,0,0,0,0,0,0.4,0.2,9,0,0,0,0.21153846153846156,12
1994-11-05,Liverpool,Nott'm Forest,1,0,H,12,23,-1,-1,0,28,13,15,0.5833333333333334,12,27,-1,-1,0,25,13,12,0.6666666666666666,0,0,0,0,0,0,0,0,0.6,0.6,-4,0,0,0,-0.08333333333333326,3
1994-11-05,Man City,Southampton,3,3,D,12,18,-1,-1,0,21,17,4,0.4166666666666667,13,16,-1,-1,0,19,23,-4,0.3076923076923077,0,0,0,0,0,0,0,0,0.4,0.2,2,0,0,0,0.10897435897435898,8
1994-11-05,Newcastle,QPR,2,1,H,12,29,-1,-1,0,29,12,17,0.75,13,13,-1,-1,0,19,23,-4,0.23076923076923078,0,0,0,0,0,0,0,0,0.6,0.4,16,0,0,0,0.5192307692307692,21
1994-11-05,Norwich,Everton,0,0,D,13,20,-1,-1,0,13,12,1,0.38461538461538464,13,7,-1,-1,0,9,24,-15,0.07692307692307693,0,0,0,0,0,0,0,0,0.4,0.2,13,0,0,0,0.3076923076923077,16
1994-11-05,West Ham,Leicester,1,0,H,13,14,-1,-1,0,8,15,-7,0.3076923076923077,12,9,-1,-1,0,14,24,-10,0.16666666666666666,0,0,0,0,0,0,0,0,0.4,0.2,5,0,0,0,0.14102564102564105,3
1994-11-06,Arsenal,Sheffield Weds,0,0,D,12,18,-1,-1,0,17,13,4,0.4166666666666667,13,13,-1,-1,0,15,22,-7,0.23076923076923078,0,0,0,0,0,0,0,0,0.6,0.4,5,0,0,0,0.1858974358974359,11
1994-11-06,Aston Villa,Man United,1,2,A,12,10,-1,-1,0,11,18,-7,0.16666666666666666,12,25,-1,-1,0,21,9,12,0.6666666666666666,0,0,0,0,1,0,0,0,0.0,0.8,-15,0,0,0,-0.5,-19
1994-11-06,Chelsea,Coventry,2,2,D,11,19,-1,-1,0,21,14,7,0.5454545454545454,13,15,-1,-1,0,15,24,-9,0.3076923076923077,0,0,0,0,0,0,0,0,0.4,0.6,4,0,0,0,0.2377622377622377,16
1994-11-07,Nott'm Forest,Newcastle,0,0,D,13,27,-1,-1,0,25,14,11,0.6153846153846154,13,32,-1,-1,0,31,13,18,0.7692307692307693,0,0,0,0,0,0,0,0,0.4,0.6,-5,0,0,0,-0.15384615384615385,-7
1994-11-09,Liverpool,Chelsea,3,1,H,13,26,-1,-1,0,29,13,16,0.6153846153846154,12,20,-1,-1,0,23,16,7,0.5,0,0,0,0,0,0,0,0,0.6,0.4,6,0,0,0,0.11538461538461542,9
1994-11-09,Wimbledon,Aston Villa,4,3,H,13,12,-1,-1,0,10,21,-11,0.23076923076923078,13,10,-1,-1,0,12,20,-8,0.15384615384615385,0,0,0,0,0,0,1,0,0.2,0.0,2,0,0,0,0.07692307692307693,-3
1994-11-10,Man United,Man City,5,0,H,13,28,-1,-1,0,23,10,13,0.6923076923076923,13,19,-1,-1,0,24,20,4,0.38461538461538464,1,0,0,0,0,0,0,0,0.8,0.4,9,0,0,0,0.30769230769230765,9
1994-11-19,Coventry,Norwich,1,0,H,14,16,-1,-1,0,17,26,-9,0.2857142857142857,14,21,-1,-1,0,13,12,1,0.35714285714285715,0,0,0,0,0,0,0,0,0.4,0.2,-5,0,0,0,-0.07142857142857145,-10
1994-11-19,Ipswich,Blackburn,1,3,A,14,10,-1,-1,0,13,27,-14,0.21428571428571427,14,30,-1,-1,0,28,12,16,0.6428571428571429,0,0,0,0,1,0,0,0,0.2,0.8,-20,0,0,0,-0.4285714285714286,-30
1994-11-19,Man United,Crystal Palace,3,0,H,14,31,-1,-1,0,28,10,18,0.7142857142857143,14,19,-1,-1,0,15,15,0,0.35714285714285715,1,1,0,0,1,0,0,0,1.0,0.8,12,0,0,0,0.35714285714285715,18
1994-11-19,Nott'm Forest,Chelsea,0,1,A,14,28,-1,-1,0,25,14,11,0.5714285714285714,13,20,-1,-1,0,24,19,5,0.46153846153846156,0,0,0,0,0,0,0,0,0.4,0.2,8,0,0,0,0.10989010989010983,6
1994-11-19,QPR,Leeds,3,2,H,14,13,-1,-1,0,20,25,-5,0.21428571428571427,14,24,-1,-1,0,21,16,5,0.5,0,0,0,0,0,0,0,0,0.4,0.6,-11,0,0,0,-0.2857142857142857,-10
1994-11-19,Sheffield Weds,West Ham,1,0,H,14,14,-1,-1,0,15,22,-7,0.21428571428571427,14,17,-1,-1,0,9,15,-6,0.35714285714285715,0,0,0,0,0,0,0,0,0.2,0.4,-3,0,0,0,-0.14285714285714288,-1
1994-11-19,Southampton,Arsenal,1,0,H,14,17,-1,-1,0,22,26,-4,0.2857142857142857,13,19,-1,-1,0,17,13,4,0.38461538461538464,0,0,0,0,0,0,0,0,0.0,0.6,-2,0,0,0,-0.09890109890109894,-8
1994-11-19,Tottenham,Aston Villa,3,4,A,13,17,-1,-1,0,21,26,-5,0.38461538461538464,14,10,-1,-1,0,15,24,-9,0.14285714285714285,0,0,0,0,0,0,1,0,0.2,0.0,7,0,0,0,0.2417582417582418,4
1994-11-19,Wimbledon,Newcastle,3,2,H,14,15,-1,-1,0,14,24,-10,0.2857142857142857,14,33,-1,-1,0,31,13,18,0.7142857142857143,0,0,0,0,0,0,0,0,0.4,0.6,-18,0,0,0,-0.4285714285714286,-28
1994-11-20,Leicester,Man City,0,1,A,13,9,-1,-1,0,14,25,-11,0.15384615384615385,14,19,-1,-1,0,24,25,-1,0.35714285714285715,0,0,1,0,0,0,0,0,0.2,0.4,-10,0,0,0,-0.2032967032967033,-10
1994-11-21,Everton,Liverpool,2,0,H,14,8,-1,-1,0,9,24,-15,0.07142857142857142,14,29,-1,-1,0,32,14,18,0.6428571428571429,0,0,0,0,0,0,0,0,0.2,0.8,-21,0,0,0,-0.5714285714285715,-33
1994-11-23,Leicester,Arsenal,2,1,H,14,9,-1,-1,0,14,26,-12,0.14285714285714285,14,19,-1,-1,0,17,14,3,0.35714285714285715,0,0,1,0,0,0,0,0,0.2,0.4,-10,0,0,0,-0.2142857142857143,-15
1994-11-23,Tottenham,Chelsea,0,0,D,14,17,-1,-1,0,24,30,-6,0.35714285714285715,14,23,-1,-1,0,25,19,6,0.5,0,0,0,0,0,0,0,0,0.2,0.4,-6,0,0,0,-0.14285714285714285,-12
1994-11-26,Arsenal,Man United,0,0,D,15,19,-1,-1,0,18,16,2,0.3333333333333333,15,34,-1,-1,0,31,10,21,0.7333333333333333,0,0,0,0,1,1,0,0,0.2,1.0,-15,0,0,0,-0.39999999999999997,-19
1994-11-26,Blackburn,QPR,4,0,H,15,33,-1,-1,0,31,13,18,0.6666666666666666,15,16,-1,-1,0,23,27,-4,0.26666666666666666,1,0,0,0,0,0,0,0,0.8,0.6,17,0,0,0,0.39999999999999997,22
1994-11-26,Chelsea,Everton,0,1,A,15,24,-1,-1,0,25,19,6,0.4666666666666667,15,11,-1,-1,0,11,24,-13,0.13333333333333333,0,0,0,0,0,0,0,0,0.2,0.4,13,0,0,0,0.33333333333333337,19
1994-11-26,Crystal Palace,Southampton,0,0,D,15,19,-1,-1,0,15,18,-3,0.3333333333333333,15,20,-1,-1,0,23,26,-3,0.3333333333333333,0,0,0,0,0,0,0,0,0.8,0.2,-1,0,0,0,0.0,0
1994-11-26,Leeds,Nott'm Forest,1,0,H,15,24,-1,-1,0,23,19,4,0.4666666666666667,15,28,-1,-1,0,25,15,10,0.5333333333333333,0,0,0,0,0,0,0,0,0.6,0.2,-4,0,0,0,-0.06666666666666665,-6
1994-11-26,Liverpool,Tottenham,1,1,D,15,29,-1,-1,0,32,16,16,0.6,15,18,-1,-1,0,24,30,-6,0.3333333333333333,0,0,0,0,0,0,0,0,0.6,0.2,11,0,0,0,0.26666666666666666,22
1994-11-26,Man City,Wimbledon,2,0,H,15,22,-1,-1,0,25,25,0,0.4,15,18,-1,-1,0,17,26,-9,0.3333333333333333,0,0,0,0,0,0,0,0,0.4,0.6,4,0,0,0,0.06666666666666671,9
1994-11-26,Newcastle,Ipswich,1,1,D,15,33,-1,-1,0,33,16,17,0.6666666666666666,15,10,-1,-1,0,14,30,-16,0.2,0,0,0,0,0,0,0,0,0.4,0.2,23,0,0,0,0.4666666666666666,33
1994-11-26,Norwich,Leicester,2,1,H,15,21,-1,-1,0,13,13,0,0.3333333333333333,15,12,-1,-1,0,16,27,-11,0.2,0,0,0,0,0,0,0,0,0.2,0.2,9,0,0,0,0.1333333333333333,11
1994-11-26,West Ham,Coventry,0,1,A,15,17,-1,-1,0,9,16,-7,0.3333333333333333,15,19,-1,-1,0,18,26,-8,0.3333333333333333,0,0,0,0,0,0,0,0,0.4,0.4,-2,0,0,0,0.0,1
1994-11-27,Aston Villa,Sheffield Weds,1,1,D,15,13,-1,-1,0,19,27,-8,0.2,15,17,-1,-1,0,16,22,-6,0.26666666666666666,0,0,0,0,0,0,0,0,0.2,0.2,-4,0,0,0,-0.06666666666666665,-2
1994-12-03,Coventry,Liverpool,1,1,D,16,22,-1,-1,0,19,26,-7,0.375,16,30,-1,-1,0,33,17,16,0.5625,0,0,0,0,0,0,0,0,0.6,0.4,-8,0,0,0,-0.1875,-23
1994-12-03,Ipswich,Man City,1,2,A,16,11,-1,-1,0,15,31,-16,0.1875,16,25,-1,-1,0,27,25,2,0.4375,0,0,0,0,0,0,0,0,0.2,0.4,-14,0,0,0,-0.25,-18
1994-12-03,Leicester,Aston Villa,1,1,D,16,12,-1,-1,0,17,29,-12,0.1875,16,14,-1,-1,0,20,28,-8,0.1875,0,0,0,0,0,0,0,0,0.2,0.2,-2,0,0,0,0.0,-4
1994-12-03,Man United,Norwich,1,0,H,16,35,-1,-1,0,31,10,21,0.6875,16,24,-1,-1,0,15,14,1,0.375,0,0,0,0,0,0,0,0,0.8,0.2,11,0,0,0,0.3125,20
1994-12-03,Nott'm Forest,Arsenal,2,2,D,16,28,-1,-1,0,25,16,9,0.5,16,20,-1,-1,0,18,16,2,0.3125,0,0,0,0,0,0,0,0,0.0,0.0,8,0,0,0,0.1875,7
1994-12-03,Sheffield Weds,Crystal Palace,1,0,H,16,18,-1,-1,0,17,23,-6,0.25,16,20,-1,-1,0,15,18,-3,0.3125,0,0,0,0,0,0,0,0,0.2,0.6,-2,0,0,0,-0.0625,-3
1994-12-03,Southampton,Chelsea,0,1,A,16,21,-1,-1,0,23,26,-3,0.3125,16,24,-1,-1,0,25,20,5,0.4375,0,0,0,0,0,0,0,0,0.2,0.2,-3,0,0,0,-0.125,-8
1994-12-03,Tottenham,Newcastle,4,2,H,16,19,-1,-1,0,25,31,-6,0.3125,16,34,-1,-1,0,34,17,17,0.625,0,0,0,0,0,0,0,0,0.2,0.2,-15,0,0,0,-0.3125,-23
1994-12-03,Wimbledon,Blackburn,0,3,A,16,18,-1,-1,0,17,28,-11,0.3125,16,36,-1,-1,0,35,13,22,0.6875,0,0,0,0,1,1,0,0,0.6,1.0,-18,0,0,0,-0.375,-33
1994-12-04,Everton,Leeds,3,0,H,16,14,-1,-1,0,12,24,-12,0.1875,16,27,-1,-1,0,24,19,5,0.5,0,0,0,0,0,0,0,0,0.6,0.6,-13,0,0,0,-0.3125,-17
1994-12-04,QPR,West Ham,2,1,H,16,16,-1,-1,0,23,31,-8,0.25,16,17,-1,-1,0,9,17,-8,0.3125,0,0,0,0,0,0,0,0,0.6,0.2,-1,0,0,0,-0.0625,0
1994-12-10,Aston Villa,Everton,0,0,D,17,15,-1,-1,0,21,29,-8,0.17647058823529413,17,17,-1,-1,0,15,24,-9,0.23529411764705882,0,0,0,0,1,0,0,0,0.2,0.8,-2,0,0,0,-0.05882352941176469,1
1994-12-10,Blackburn,Southampton,3,2,H,17,39,-1,-1,0,38,13,25,0.7058823529411765,17,21,-1,-1,0,23,27,-4,0.29411764705882354,1,1,0,0,0,0,0,0,1.0,0.2,18,0,0,0,0.411764705882353,29
1994-12-10,Leeds,West Ham,2,2,D,17,27,-1,-1,0,24,22,2,0.47058823529411764,17,17,-1,-1,0,10,19,-9,0.29411764705882354,0,0,0,0,0,0,1,0,0.4,0.2,10,0,0,0,0.1764705882352941,11
1994-12-10,Newcastle,Leicester,3,1,H,17,34,-1,-1,0,36,21,15,0.5882352941176471,17,13,-1,-1,0,18,30,-12,0.17647058823529413,0,0,0,0,0,0,0,0,0.2,0.2,21,0,0,0,0.4117647058823529,27
1994-12-10,Norwich,Chelsea,3,0,H,17,24,-1,-1,0,15,15,0,0.35294117647058826,17,27,-1,-1,0,26,20,6,0.47058823529411764,0,0,0,0,0,0,0,0,0.2,0.4,-3,0,0,0,-0.11764705882352938,-6
1994-12-10,Nott'm Forest,Ipswich,4,1,H,17,29,-1,-1,0,27,18,9,0.47058823529411764,17,11,-1,-1,0,16,33,-17,0.17647058823529413,0,0,0,0,0,0,0,0,0.0,0.2,18,0,0,0,0.2941176470588235,26
1994-12-10,QPR,Man United,2,3,A,17,19,-1,-1,0,25,32,-7,0.29411764705882354,17,38,-1,-1,0,32,10,22,0.7058823529411765,0,0,0,0,0,0,0,0,0.6,0.8,-19,0,0,0,-0.411764705882353,-29
1994-12-10,Tottenham,Sheffield Weds,3,1,H,17,22,-1,-1,0,29,33,-4,0.35294117647058826,17,21,-1,-1,0,18,23,-5,0.29411764705882354,0,0,0,0,0,0,0,0,0.2,0.4,1,0,0,0,0.05882352941176472,1
1994-12-10,Wimbledon,Coventry,2,0,H,17,18,-1,-1,0,17,31,-14,0.29411764705882354,17,23,-1,-1,0,20,27,-7,0.35294117647058826,0,0,0,0,0,0,0,0,0.4,0.4,-5,0,0,0,-0.05882352941176472,-7
1994-12-11,Liverpool,Crystal Palace,0,0,D,17,31,-1,-1,0,34,18,16,0.5294117647058824,17,20,-1,-1,0,15,19,-4,0.29411764705882354,0,0,0,0,0,0,0,0,0.4,0.4,11,0,0,0,0.23529411764705882,20
1994-12-12,Man City,Arsenal,1,2,A,17,28,-1,-1,0,29,26,3,0.47058823529411764,17,21,-1,-1,0,20,18,2,0.29411764705882354,1,0,0,0,0,0,0,0,0.6,0.0,7,0,0,0,0.1764705882352941,1
1994-12-16,Ipswich,Wimbledon,2,2,D,18,11,-1,-1,0,17,37,-20,0.16666666666666666,18,21,-1,-1,0,19,31,-12,0.3333333333333333,0,0,0,0,0,0,0,0,0.0,0.6,-10,0,0,0,-0.16666666666666666,-8
1994-12-17,Arsenal,Leeds,1,3,A,18,24,-1,-1,0,22,19,3,0.3333333333333333,18,28,-1,-1,0,26,24,2,0.4444444444444444,0,0,0,0,0,0,0,0,0.2,0.4,-4,0,0,0,-0.1111111111111111,1
1994-12-17,Coventry,Newcastle,0,0,D,18,23,-1,-1,0,20,29,-9,0.3333333333333333,18,37,-1,-1,0,39,22,17,0.6111111111111112,0,0,0,0,0,0,0,0,0.4,0.2,-14,0,0,0,-0.27777777777777785,-26
1994-12-17,Crystal Palace,Norwich,0,1,A,18,21,-1,-1,0,15,19,-4,0.2777777777777778,18,27,-1,-1,0,18,15,3,0.3888888888888889,0,0,0,0,0,0,0,0,0.2,0.4,-6,0,0,0,-0.1111111111111111,-7
1994-12-17,Everton,Tottenham,0,0,D,18,18,-1,-1,0,15,24,-9,0.2222222222222222,18,25,-1,-1,0,32,34,-2,0.3888888888888889,0,0,0,0,0,0,0,0,0.6,0.4,-7,0,0,0,-0.16666666666666669,-7
1994-12-17,Leicester,Blackburn,0,0,D,18,13,-1,-1,0,19,33,-14,0.16666666666666666,18,42,-1,-1,0,41,15,26,0.7222222222222222,0,0,0,0,1,1,0,0,0.2,1.0,-29,0,0,0,-0.5555555555555556,-40
1994-12-17,Man United,Nott'm Forest,1,2,A,18,41,-1,-1,0,35,12,23,0.7222222222222222,18,32,-1,-1,0,31,19,12,0.5,0,0,0,0,0,0,0,0,0.8,0.2,9,0,0,0,0.2222222222222222,11
1994-12-17,Sheffield Weds,QPR,0,2,A,18,21,-1,-1,0,19,26,-7,0.2777777777777778,18,19,-1,-1,0,27,35,-8,0.2777777777777778,0,0,0,0,0,0,0,0,0.4,0.4,2,0,0,0,0.0,1
1994-12-17,West Ham,Man City,3,0,H,18,18,-1,-1,0,12,21,-9,0.2777777777777778,18,28,-1,-1,0,30,28,2,0.4444444444444444,0,0,0,0,0,0,0,0,0.2,0.6,-10,0,0,0,-0.16666666666666663,-11
1994-12-18,Chelsea,Liverpool,0,0,D,18,27,-1,-1,0,26,23,3,0.4444444444444444,18,32,-1,-1,0,34,18,16,0.5,0,0,0,0,0,0,0,0,0.4,0.2,-5,0,0,0,-0.05555555555555558,-13
1994-12-19,Southampton,Aston Villa,2,1,H,18,21,-1,-1,0,25,30,-5,0.2777777777777778,18,16,-1,-1,0,21,29,-8,0.16666666666666666,0,0,0,0,0,0,0,0,0.2,0.2,5,0,0,0,0.11111111111111113,3
1994-12-26,Arsenal,Aston Villa,0,0,D,19,24,-1,-1,0,23,22,1,0.3157894736842105,19,16,-1,-1,0,22,31,-9,0.15789473684210525,0,0,0,0,0,0,0,0,0.2,0.2,8,0,0,0,0.15789473684210525,10
1994-12-26,Chelsea,Man United,2,3,A,19,28,-1,-1,0,26,23,3,0.42105263157894735,19,41,-1,-1,0,36,14,22,0.6842105263157895,0,0,0,0,0,0,0,0,0.2,0.6,-13,0,0,0,-0.26315789473684215,-19
1994-12-26,Coventry,Nott'm Forest,0,0,D,19,24,-1,-1,0,20,29,-9,0.3157894736842105,19,35,-1,-1,0,33,20,13,0.5263157894736842,0,0,0,0,0,0,0,0,0.4,0.4,-11,0,0,0,-0.21052631578947367,-22
1994-12-26,Crystal Palace,QPR,0,0,D,19,21,-1,-1,0,15,20,-5,0.2631578947368421,19,22,-1,-1,0,29,35,-6,0.3157894736842105,0,0,0,0,0,0,0,0,0.0,0.6,-1,0,0,0,-0.05263157894736842,1
1994-12-26,Everton,Sheffield Weds,1,4,A,19,19,-1,-1,0,15,24,-9,0.21052631578947367,19,21,-1,-1,0,19,28,-9,0.2631578947368421,0,0,0,0,0,0,0,0,0.6,0.4,-2,0,0,0,-0.05263157894736842,0
1994-12-26,Leeds,Newcastle,0,0,D,19,31,-1,-1,0,29,25,4,0.47368421052631576,19,38,-1,-1,0,39,22,17,0.5789473684210527,0,0,0,0,0,0,0,0,0.4,0.2,-7,0,0,0,-0.10526315789473689,-13
1994-12-26,Leicester,Liverpool,1,2,A,19,14,-1,-1,0,19,33,-14,0.15789473684210525,19,33,-1,-1,0,34,18,16,0.47368421052631576,0,0,0,0,0,0,0,0,0.2,0.0,-19,0,0,0,-0.3157894736842105,-30
1994-12-26,Man City,Blackburn,1,3,A,19,28,-1,-1,0,30,31,-1,0.42105263157894735,19,43,-1,-1,0,41,15,26,0.6842105263157895,0,0,0,0,0,0,0,0,0.6,0.8,-15,0,0,0,-0.26315789473684215,-27
1994-12-26,Norwich,Tottenham,0,2,A,19,30,-1,-1,0,19,15,4,0.42105263157894735,19,26,-1,-1,0,32,34,-2,0.3684210526315789,0,0,0,0,0,0,0,0,0.6,0.4,4,0,0,0,0.05263157894736842,6
1994-12-26,Southampton,Wimbledon,2,3,A,19,24,-1,-1,0,27,31,-4,0.3157894736842105,19,22,-1,-1,0,21,33,-12,0.3157894736842105,0,0,0,0,0,0,0,0,0.4,0.4,2,0,0,0,0.0,8
1994-12-26,West Ham,Ipswich,1,1,D,19,21,-1,-1,0,15,21,-6,0.3157894736842105,19,12,-1,-1,0,19,39,-20,0.15789473684210525,0,0,0,0,0,0,0,0,0.2,0.0,9,0,0,0,0.15789473684210525,14
1994-12-27,Nott'm Forest,Norwich,1,0,H,20,36,-1,-1,0,33,20,13,0.5,20,30,-1,-1,0,19,17,2,0.4,0,0,0,0,0,0,0,0,0.4,0.6,6,0,0,0,0.09999999999999998,11
1994-12-27,Tottenham,Crystal Palace,0,0,D,20,29,-1,-1,0,34,34,0,0.4,20,22,-1,-1,0,15,20,-5,0.25,0,0,0,0,0,0,0,0,0.6,0.0,7,0,0,0,0.15000000000000002,5
1994-12-28,Aston Villa,Chelsea,3,0,H,20,17,-1,-1,0,22,31,-9,0.15,20,28,-1,-1,0,28,26,2,0.4,0,0,0,0,0,0,0,0,0.0,0.2,-11,0,0,0,-0.25,-11
1994-12-28,Ipswich,Arsenal,0,2,A,20,13,-1,-1,0,20,40,-20,0.15,20,25,-1,-1,0,23,22,1,0.3,0,0,0,0,0,0,0,0,0.0,0.2,-12,0,0,0,-0.15,-21
1994-12-28,Liverpool,Man City,2,0,H,20,36,-1,-1,0,36,19,17,0.5,20,28,-1,-1,0,31,34,-3,0.4,0,0,0,0,0,0,1,0,0.2,0.4,8,0,0,0,0.09999999999999998,20
1994-12-28,Man United,Leicester,1,1,D,20,44,-1,-1,0,39,16,23,0.7,20,14,-1,-1,0,20,35,-15,0.15,0,0,0,0,0,0,0,0,0.6,0.0,30,0,0,0,0.5499999999999999,38
1994-12-28,QPR,Southampton,2,2,D,20,23,-1,-1,0,29,35,-6,0.3,20,24,-1,-1,0,29,34,-5,0.3,0,0,0,0,0,0,0,0,0.4,0.2,-1,0,0,0,0.0,-1
1994-12-28,Sheffield Weds,Coventry,5,1,H,20,24,-1,-1,0,23,29,-6,0.3,20,25,-1,-1,0,20,29,-9,0.3,0,0,0,0,0,0,0,0,0.4,0.2,-1,0,0,0,0.0,3
1994-12-28,Wimbledon,West Ham,1,0,H,20,25,-1,-1,0,24,35,-11,0.35,20,22,-1,-1,0,16,22,-6,0.3,0,0,0,0,0,0,0,0,0.4,0.2,3,0,0,0,0.04999999999999999,-5
1994-12-31,Arsenal,QPR,1,3,A,21,28,-1,-1,0,25,22,3,0.3333333333333333,21,24,-1,-1,0,31,37,-6,0.2857142857142857,0,0,0,0,0,0,0,0,0.4,0.4,4,0,0,0,0.047619047619047616,9
1994-12-31,Chelsea,Wimbledon,1,1,D,21,28,-1,-1,0,28,29,-1,0.38095238095238093,21,28,-1,-1,0,25,35,-10,0.38095238095238093,0,0,0,0,0,0,0,0,0.2,0.6,0,0,0,0,0.0,9
1994-12-31,Coventry,Tottenham,0,4,A,21,25,-1,-1,0,21,34,-13,0.2857142857142857,21,30,-1,-1,0,34,34,0,0.38095238095238093,0,0,0,0,0,0,0,0,0.0,0.6,-5,0,0,0,-0.09523809523809523,-13
1994-12-31,Crystal Palace,Blackburn,0,1,A,21,23,-1,-1,0,15,20,-5,0.23809523809523808,20,46,-1,-1,0,44,16,28,0.7,0,0,0,0,0,0,0,0,0.0,0.8,-23,0,0,0,-0.4619047619047619,-33
1994-12-31,Everton,Ipswich,4,1,H,20,19,-1,-1,0,16,28,-12,0.2,21,13,-1,-1,0,20,42,-22,0.14285714285714285,0,0,0,0,0,0,0,0,0.4,0.0,6,0,0,0,0.05714285714285716,10
1994-12-31,Leeds,Liverpool,0,2,A,20,32,-1,-1,0,29,25,4,0.45,21,39,-1,-1,0,38,19,19,0.5238095238095238,0,0,0,0,0,0,0,0,0.4,0.4,-7,0,0,0,-0.07380952380952382,-15
1994-12-31,Leicester,Sheffield Weds,0,1,A,21,15,-1,-1,0,21,36,-15,0.14285714285714285,21,27,-1,-1,0,28,30,-2,0.3333333333333333,0,0,0,0,0,0,0,0,0.0,0.6,-12,0,0,0,-0.19047619047619047,-13
1994-12-31,Man City,Aston Villa,2,2,D,21,28,-1,-1,0,31,36,-5,0.38095238095238093,21,20,-1,-1,0,25,31,-6,0.19047619047619047,0,0,1,0,0,0,0,0,0.2,0.2,8,0,0,0,0.19047619047619047,1
1994-12-31,Norwich,Newcastle,2,1,H,21,30,-1,-1,0,19,18,1,0.38095238095238093,20,39,-1,-1,0,39,22,17,0.55,0,0,0,0,0,0,0,0,0.4,0.2,-9,0,0,0,-0.1690476190476191,-16
1994-12-31,Southampton,Man United,2,2,D,21,25,-1,-1,0,31,36,-5,0.2857142857142857,21,45,-1,-1,0,40,17,23,0.6666666666666666,0,0,0,0,0,0,0,0,0.2,0.6,-20,0,0,0,-0.38095238095238093,-28
1994-12-31,West Ham,Nott'm Forest,3,1,H,21,22,-1,-1,0,16,23,-7,0.2857142857142857,21,39,-1,-1,0,34,20,14,0.5238095238095238,0,0,0,0,0,0,0,0,0.2,0.6,-17,0,0,0,-0.23809523809523814,-21
1995-01-02,Aston Villa,Leeds,0,0,D,22,21,-1,-1,0,27,33,-6,0.18181818181818182,21,32,-1,-1,0,29,27,2,0.42857142857142855,0,0,0,0,0,0,0,0,0.2,0.2,-11,0,0,0,-0.24675324675324672,-8
1995-01-02,Blackburn,West Ham,4,2,H,21,49,-1,-1,0,45,16,29,0.7142857142857143,22,25,-1,-1,0,19,24,-5,0.3181818181818182,0,0,0,0,0,0,0,0,0.8,0.4,24,0,0,0,0.3961038961038961,34
1995-01-02,Ipswich,Leicester,4,1,H,22,13,-1,-1,0,21,46,-25,0.13636363636363635,22,15,-1,-1,0,21,37,-16,0.13636363636363635,0,0,0,0,0,0,0,0,0.0,0.0,-2,0,0,0,0.0,-9
1995-01-02,Liverpool,Norwich,4,0,H,22,42,-1,-1,0,40,19,21,0.5454545454545454,22,33,-1,-1,0,21,19,2,0.4090909090909091,1,0,0,0,0,0,0,0,0.6,0.6,9,0,0,0,0.1363636363636363,19
1995-01-02,Newcastle,Man City,0,0,D,21,39,-1,-1,0,40,24,16,0.5238095238095238,22,29,-1,-1,0,33,38,-5,0.36363636363636365,0,0,0,0,0,0,0,0,0.2,0.0,10,0,0,0,0.1601731601731602,21
1995-01-02,Nott'm Forest,Crystal Palace,1,0,H,22,39,-1,-1,0,35,23,12,0.5,22,23,-1,-1,0,15,21,-6,0.22727272727272727,0,0,0,0,0,0,0,0,0.6,0.0,16,0,0,0,0.2727272727272727,18
1995-01-02,Sheffield Weds,Southampton,1,1,D,22,30,-1,-1,0,29,30,-1,0.36363636363636365,22,26,-1,-1,0,33,38,-5,0.2727272727272727,1,0,0,0,0,0,0,0,0.6,0.2,4,0,0,0,0.09090909090909094,4
1995-01-02,Tottenham,Arsenal,1,0,H,22,33,-1,-1,0,38,34,4,0.4090909090909091,22,28,-1,-1,0,26,25,1,0.3181818181818182,0,0,0,0,0,0,0,0,0.6,0.4,5,0,0,0,0.09090909090909094,3
1995-01-02,Wimbledon,Everton,2,1,H,22,29,-1,-1,0,26,36,-10,0.36363636363636365,21,22,-1,-1,0,20,29,-9,0.23809523809523808,0,0,0,0,0,0,0,0,0.6,0.4,7,0,0,0,0.12554112554112556,-1
1995-01-03,Man United,Coventry,2,0,H,22,46,-1,-1,0,42,19,23,0.6363636363636364,22,25,-1,-1,0,21,38,-17,0.2727272727272727,0,0,0,0,0,0,0,0,0.4,0.0,21,0,0,0,0.36363636363636365,40
1995-01-14,Arsenal,Everton,1,1,D,23,28,-1,-1,0,26,26,0,0.30434782608695654,22,22,-1,-1,0,21,31,-10,0.22727272727272727,0,0,0,0,0,0,0,0,0.2,0.2,6,0,0,0,0.07707509881422928,10
1995-01-14,Aston Villa,QPR,2,1,H,23,22,-1,-1,0,27,33,-6,0.17391304347826086,22,27,-1,-1,0,34,38,-4,0.3181818181818182,0,0,0,0,0,0,0,0,0.2,0.4,-5,0,0,0,-0.1442687747035573,-2
1995-01-14,Blackburn,Nott'm Forest,3,0,H,22,52,-1,-1,0,49,18,31,0.7272727272727273,23,42,-1,-1,0,36,23,13,0.5217391304347826,1,0,0,0,0,0,0,0,0.8,0.6,10,0,0,0,0.2055335968379447,18
1995-01-14,Chelsea,Sheffield Weds,1,1,D,22,29,-1,-1,0,29,30,-1,0.36363636363636365,23,31,-1,-1,0,30,31,-1,0.34782608695652173,0,0,0,0,0,0,0,0,0.0,0.6,-2,0,0,0,0.015810276679841917,0
1995-01-14,Crystal Palace,Leicester,2,0,H,23,23,-1,-1,0,15,22,-7,0.21739130434782608,23,15,-1,-1,0,22,41,-19,0.13043478260869565,0,0,0,0,0,0,0,0,0.0,0.0,8,0,0,0,0.08695652173913043,12
1995-01-14,Leeds,Southampton,0,0,D,22,33,-1,-1,0,29,27,2,0.4090909090909091,23,27,-1,-1,0,34,39,-5,0.2608695652173913,0,0,0,0,0,0,0,0,0.2,0.2,6,0,0,0,0.14822134387351782,7
1995-01-14,Liverpool,Ipswich,0,1,A,23,45,-1,-1,0,44,19,25,0.5652173913043478,23,16,-1,-1,0,25,47,-22,0.17391304347826086,1,0,0,0,0,0,0,0,0.8,0.2,29,0,0,0,0.3913043478260869,47
1995-01-14,Man City,Coventry,0,0,D,23,30,-1,-1,0,33,38,-5,0.34782608695652173,23,25,-1,-1,0,21,40,-19,0.2608695652173913,0,0,0,0,0,0,1,0,0.0,0.0,5,0,0,0,0.08695652173913043,14
1995-01-14,Norwich,Wimbledon,1,2,A,23,33,-1,-1,0,21,23,-2,0.391304347826087,23,32,-1,-1,0,28,37,-9,0.391304347826087,0,0,0,0,0,0,0,0,0.4,0.6,1,0,0,0,0.0,7
1995-01-14,West Ham,Tottenham,1,2,A,23,25,-1,-1,0,21,28,-7,0.30434782608695654,23,36,-1,-1,0,39,34,5,0.43478260869565216,0,0,0,0,0,0,0,0,0.4,0.6,-11,0,0,0,-0.13043478260869562,-12
1995-01-15,Newcastle,Man United,1,1,D,22,40,-1,-1,0,40,24,16,0.5,23,49,-1,-1,0,44,19,25,0.6521739130434783,0,0,0,0,0,0,0,0,0.2,0.4,-9,0,0,0,-0.15217391304347827,-9
1995-01-21,Coventry,Arsenal,0,1,A,24,26,-1,-1,0,21,40,-19,0.25,24,29,-1,-1,0,27,27,0,0.2916666666666667,0,0,0,0,0,0,0,0,0.0,0.2,-3,0,0,0,-0.041666666666666685,-19
1995-01-21,Everton,Crystal Palace,3,1,H,23,23,-1,-1,0,22,32,-10,0.21739130434782608,24,26,-1,-1,0,17,22,-5,0.25,0,0,0,0,0,0,0,0,0.2,0.2,-3,0,0,0,-0.03260869565217392,-5
1995-01-21,Ipswich,Chelsea,2,2,D,24,19,-1,-1,0,26,47,-21,0.20833333333333334,23,30,-1,-1,0,30,31,-1,0.34782608695652173,0,0,0,0,0,0,0,0,0.4,0.0,-11,0,0,0,-0.1394927536231884,-20
1995-01-21,Nott'm Forest,Aston Villa,1,2,A,24,42,-1,-1,0,36,26,10,0.5,24,25,-1,-1,0,29,34,-5,0.20833333333333334,0,0,0,0,0,0,0,0,0.4,0.4,17,0,0,0,0.29166666666666663,15
1995-01-21,Sheffield Weds,Newcastle,0,0,D,24,32,-1,-1,0,31,32,-1,0.3333333333333333,23,41,-1,-1,0,41,25,16,0.4782608695652174,0,0,0,0,0,0,0,0,0.6,0.0,-9,0,0,0,-0.1449275362318841,-17
1995-01-22,Man United,Blackburn,1,0,H,24,50,-1,-1,0,45,20,25,0.625,23,55,-1,-1,0,52,18,34,0.7391304347826086,0,0,0,0,1,0,0,0,0.4,0.8,-5,0,0,0,-0.11413043478260865,-9
1995-01-23,West Ham,Sheffield Weds,0,2,A,24,25,-1,-1,0,22,30,-8,0.2916666666666667,25,33,-1,-1,0,31,32,-1,0.32,0,0,0,0,0,0,0,0,0.2,0.4,-8,0,0,0,-0.02833333333333332,-7
1995-01-24,Arsenal,Southampton,1,1,D,25,32,-1,-1,0,28,27,1,0.32,24,28,-1,-1,0,34,39,-5,0.25,0,0,0,0,0,0,0,0,0.4,0.0,4,0,0,0,0.07,6
1995-01-24,Leeds,QPR,4,0,H,23,34,-1,-1,0,29,27,2,0.391304347826087,23,27,-1,-1,0,35,40,-5,0.30434782608695654,0,0,0,0,0,0,0,0,0.2,0.4,7,0,0,0,0.08695652173913043,7
1995-01-24,Liverpool,Everton,0,0,D,24,45,-1,-1,0,44,20,24,0.5416666666666666,24,26,-1,-1,0,25,33,-8,0.25,0,0,0,0,0,0,0,0,0.8,0.4,19,0,0,0,0.29166666666666663,32
1995-01-25,Aston Villa,Tottenham,1,0,H,25,28,-1,-1,0,31,35,-4,0.24,24,39,-1,-1,0,41,35,6,0.4583333333333333,0,0,0,0,1,0,0,0,0.6,0.8,-11,0,0,0,-0.21833333333333332,-10
1995-01-25,Chelsea,Nott'm Forest,0,2,A,24,31,-1,-1,0,32,33,-1,0.3333333333333333,25,42,-1,-1,0,37,28,9,0.48,0,0,0,0,0,0,0,0,0.0,0.4,-11,0,0,0,-0.14666666666666667,-10
1995-01-25,Crystal Palace,Man United,1,1,D,25,26,-1,-1,0,18,25,-7,0.24,25,53,-1,-1,0,46,20,26,0.64,0,0,0,0,0,0,0,0,0.2,0.4,-27,0,0,0,-0.4,-33
1995-01-25,Man City,Leicester,0,1,A,24,31,-1,-1,0,33,38,-5,0.3333333333333333,24,15,-1,-1,0,22,43,-21,0.125,0,0,0,0,0,0,1,0,0.0,0.0,16,0,0,0,0.20833333333333331,16
1995-01-25,Newcastle,Wimbledon,2,1,H,24,42,-1,-1,0,41,25,16,0.4583333333333333,24,35,-1,-1,0,30,38,-8,0.4166666666666667,0,0,0,0,0,0,0,0,0.0,0.8,7,0,0,0,0.04166666666666663,24
1995-01-25,Norwich,Coventry,2,2,D,24,33,-1,-1,0,22,25,-3,0.375,25,26,-1,-1,0,21,41,-20,0.24,0,0,0,0,0,0,0,0,0.2,0.0,7,0,0,0,0.135,17
1995-01-28,Blackburn,Ipswich,4,1,H,24,55,-1,-1,0,52,19,33,0.7083333333333334,25,20,-1,-1,0,28,49,-21,0.2,0,0,0,0,0,0,0,0,0.8,0.4,35,0,0,0,0.5083333333333333,54
1995-02-01,Blackburn,Leeds,1,1,D,25,58,-1,-1,0,56,20,36,0.72,24,37,-1,-1,0,33,27,6,0.4166666666666667,0,0,0,0,0,0,0,0,0.8,0.2,21,0,0,0,0.3033333333333333,30
1995-02-01,Newcastle,Everton,2,0,H,25,45,-1,-1,0,43,26,17,0.48,25,27,-1,-1,0,25,33,-8,0.24,0,0,0,0,0,0,0,0,0.2,0.4,18,0,0,0,0.24,25
1995-02-04,Coventry,Chelsea,2,2,D,26,27,-1,-1,0,23,43,-20,0.23076923076923078,25,31,-1,-1,0,32,35,-3,0.32,0,0,0,0,0,0,0,0,0.0,0.0,-4,0,0,0,-0.08923076923076922,-17
1995-02-04,Everton,Norwich,2,1,H,26,27,-1,-1,0,25,35,-10,0.23076923076923078,25,34,-1,-1,0,24,27,-3,0.36,0,0,0,0,0,0,0,0,0.2,0.2,-7,0,0,0,-0.1292307692307692,-7
1995-02-04,Ipswich,Crystal Palace,0,2,A,26,20,-1,-1,0,29,53,-24,0.19230769230769232,26,27,-1,-1,0,19,26,-7,0.23076923076923078,0,0,0,0,0,0,0,0,0.4,0.2,-7,0,0,0,-0.038461538461538464,-17
1995-02-04,Leicester,West Ham,1,2,A,25,18,-1,-1,0,23,43,-20,0.16,25,25,-1,-1,0,22,32,-10,0.28,0,0,0,0,0,0,1,0,0.2,0.2,-7,0,0,0,-0.12000000000000002,-10
1995-02-04,Man United,Aston Villa,1,0,H,26,54,-1,-1,0,47,21,26,0.6153846153846154,26,31,-1,-1,0,32,35,-3,0.2692307692307692,0,0,0,0,1,0,0,0,0.4,0.6,23,0,0,0,0.3461538461538462,29
1995-02-04,Nott'm Forest,Liverpool,1,1,D,26,45,-1,-1,0,39,28,11,0.5,25,46,-1,-1,0,44,20,24,0.52,0,0,0,0,0,0,0,0,0.4,0.6,-1,0,0,0,-0.020000000000000018,-13
1995-02-04,QPR,Newcastle,3,0,H,24,27,-1,-1,0,35,44,-9,0.2916666666666667,26,48,-1,-1,0,45,26,19,0.5,0,0,0,0,0,0,0,0,0.2,0.4,-21,0,0,0,-0.20833333333333331,-28
1995-02-04,Sheffield Weds,Arsenal,3,1,H,26,36,-1,-1,0,33,32,1,0.34615384615384615,26,33,-1,-1,0,29,28,1,0.3076923076923077,0,0,0,0,0,0,0,0,0.4,0.2,3,0,0,0,0.038461538461538436,0
1995-02-04,Southampton,Man City,2,2,D,25,29,-1,-1,0,35,40,-5,0.24,25,31,-1,-1,0,33,39,-6,0.32,0,0,0,0,0,0,0,0,0.0,0.0,-2,0,0,0,-0.08000000000000002,1
1995-02-04,Wimbledon,Leeds,0,0,D,25,35,-1,-1,0,31,40,-9,0.4,25,38,-1,-1,0,34,28,6,0.4,0,0,0,0,0,0,0,0,0.6,0.2,-3,0,0,0,0.0,-15
1995-02-05,Tottenham,Blackburn,3,1,H,25,39,-1,-1,0,41,36,5,0.44,26,59,-1,-1,0,57,21,36,0.6923076923076923,0,0,0,0,0,0,0,0,0.6,0.6,-20,0,0,0,-0.2523076923076923,-31
1995-02-11,Arsenal,Leicester,1,1,D,27,33,-1,-1,0,30,31,-1,0.2962962962962963,26,18,-1,-1,0,24,45,-21,0.15384615384615385,0,0,0,0,0,0,0,0,0.2,0.2,15,0,0,0,0.14245014245014243,20
1995-02-11,Aston Villa,Wimbledon,7,1,H,27,31,-1,-1,0,32,36,-4,0.25925925925925924,26,36,-1,-1,0,31,40,-9,0.38461538461538464,0,0,0,0,0,0,0,0,0.6,0.4,-5,0,0,0,-0.1253561253561254,5
1995-02-11,Chelsea,Tottenham,1,1,D,26,32,-1,-1,0,34,37,-3,0.3076923076923077,26,42,-1,-1,0,44,37,7,0.46153846153846156,0,0,0,0,0,0,0,0,0.0,0.8,-10,0,0,0,-0.15384615384615385,-10
1995-02-11,Crystal Palace,Coventry,0,2,A,27,30,-1,-1,0,21,26,-5,0.25925925925925924,27,28,-1,-1,0,25,45,-20,0.2222222222222222,0,0,0,0,0,0,0,0,0.4,0.0,2,0,0,0,0.037037037037037035,15
1995-02-11,Liverpool,QPR,1,1,D,26,47,-1,-1,0,45,21,24,0.5,25,30,-1,-1,0,38,44,-6,0.32,0,0,0,0,0,0,0,0,0.4,0.4,17,0,0,0,0.18,30
1995-02-11,Man City,Man United,0,3,A,26,32,-1,-1,0,35,41,-6,0.3076923076923077,27,57,-1,-1,0,48,21,27,0.6296296296296297,0,0,0,0,0,0,0,0,0.0,0.6,-25,0,0,0,-0.32193732193732194,-33
1995-02-11,Newcastle,Nott'm Forest,2,1,H,27,48,-1,-1,0,45,29,16,0.48148148148148145,27,46,-1,-1,0,40,29,11,0.48148148148148145,0,0,0,0,0,0,0,0,0.4,0.4,2,0,0,0,0.0,5
1995-02-11,Norwich,Southampton,2,2,D,26,34,-1,-1,0,25,29,-4,0.34615384615384615,26,30,-1,-1,0,37,42,-5,0.23076923076923078,0,0,0,0,0,0,0,0,0.2,0.0,4,0,0,0,0.11538461538461536,1
1995-02-12,Blackburn,Sheffield Weds,3,1,H,27,59,-1,-1,0,58,24,34,0.6666666666666666,27,39,-1,-1,0,36,33,3,0.37037037037037035,0,0,0,0,0,0,0,0,0.4,0.4,20,0,0,0,0.2962962962962963,31
1995-02-13,West Ham,Everton,2,2,D,26,28,-1,-1,0,24,33,-9,0.3076923076923077,27,30,-1,-1,0,27,36,-9,0.25925925925925924,0,0,0,0,0,0,0,0,0.4,0.4,-2,0,0,0,0.048433048433048465,0
1995-02-18,Coventry,West Ham,2,0,H,28,31,-1,-1,0,27,45,-18,0.25,27,29,-1,-1,0,26,35,-9,0.2962962962962963,0,0,0,0,0,0,0,0,0.2,0.2,2,0,0,0,-0.04629629629629628,-9
1995-02-18,Sheffield Weds,Aston Villa,1,2,A,28,39,-1,-1,0,37,36,1,0.35714285714285715,28,34,-1,-1,0,39,37,2,0.2857142857142857,0,0,0,0,0,0,0,0,0.4,0.8,5,0,0,0,0.07142857142857145,-1
1995-02-21,Arsenal,Nott'm Forest,1,0,H,28,34,-1,-1,0,31,32,-1,0.2857142857142857,28,46,-1,-1,0,41,31,10,0.4642857142857143,0,0,0,0,0,0,0,0,0.2,0.2,-12,0,0,0,-0.1785714285714286,-11
1995-02-22,Aston Villa,Leicester,4,4,D,29,37,-1,-1,0,41,38,3,0.3103448275862069,27,19,-1,-1,0,25,46,-21,0.14814814814814814,0,0,0,0,0,0,0,0,0.8,0.2,18,0,0,0,0.16219667943805877,24
1995-02-22,Blackburn,Wimbledon,2,1,H,28,62,-1,-1,0,61,25,36,0.6785714285714286,27,36,-1,-1,0,32,47,-15,0.37037037037037035,0,0,0,0,0,0,0,0,0.4,0.4,26,0,0,0,0.30820105820105825,51
1995-02-22,Leeds,Everton,1,0,H,26,39,-1,-1,0,34,28,6,0.38461538461538464,28,31,-1,-1,0,29,38,-9,0.25,0,0,0,0,0,0,0,0,0.2,0.4,8,0,0,0,0.13461538461538464,15
1995-02-22,Man City,Ipswich,2,0,H,27,32,-1,-1,0,35,44,-9,0.2962962962962963,27,20,-1,-1,0,29,55,-26,0.18518518518518517,0,0,0,0,0,0,0,0,0.0,0.4,12,0,0,0,0.1111111111111111,17
1995-02-22,Norwich,Man United,0,2,A,27,35,-1,-1,0,27,31,-4,0.3333333333333333,28,60,-1,-1,0,51,21,30,0.6428571428571429,0,0,0,0,0,0,0,0,0.0,0.6,-25,0,0,0,-0.3095238095238096,-34
1995-02-25,Blackburn,Norwich,0,0,D,29,65,-1,-1,0,63,26,37,0.6896551724137931,28,35,-1,-1,0,27,33,-6,0.32142857142857145,0,0,0,0,0,0,0,0,0.6,0.0,30,0,0,0,0.3682266009852217,43
1995-02-25,Coventry,Leicester,4,2,H,29,34,-1,-1,0,29,45,-16,0.27586206896551724,28,20,-1,-1,0,29,50,-21,0.14285714285714285,0,0,0,0,0,0,0,0,0.4,0.2,14,0,0,0,0.1330049261083744,5
1995-02-25,Crystal Palace,Arsenal,0,3,A,28,30,-1,-1,0,21,28,-7,0.25,29,37,-1,-1,0,32,32,0,0.3103448275862069,0,0,0,0,0,0,0,0,0.4,0.4,-7,0,0,0,-0.060344827586206906,-7
1995-02-25,Everton,Man United,1,0,H,29,31,-1,-1,0,29,39,-10,0.2413793103448276,29,63,-1,-1,0,53,21,32,0.6551724137931034,0,0,0,0,1,0,0,0,0.2,0.8,-32,0,0,0,-0.4137931034482758,-42
1995-02-25,Ipswich,Southampton,2,1,H,28,20,-1,-1,0,29,57,-28,0.17857142857142858,27,31,-1,-1,0,39,44,-5,0.2222222222222222,0,0,1,0,0,0,0,0,0.2,0.0,-11,0,0,0,-0.043650793650793634,-23
1995-02-25,Man City,Leeds,0,0,D,28,35,-1,-1,0,37,44,-7,0.32142857142857145,27,42,-1,-1,0,35,28,7,0.4074074074074074,0,0,0,0,0,0,0,0,0.2,0.4,-7,0,0,0,-0.08597883597883593,-14
1995-02-25,Newcastle,Aston Villa,3,1,H,28,51,-1,-1,0,47,30,17,0.5,30,38,-1,-1,0,45,42,3,0.3,0,0,0,0,0,0,0,0,0.6,0.6,13,0,0,0,0.2,14
1995-02-25,Sheffield Weds,Liverpool,1,2,A,29,39,-1,-1,0,38,38,0,0.3448275862068966,27,48,-1,-1,0,46,22,24,0.48148148148148145,0,0,0,0,0,0,0,0,0.4,0.2,-9,0,0,0,-0.13665389527458488,-24
1995-02-25,Tottenham,Wimbledon,1,2,A,27,43,-1,-1,0,45,38,7,0.4444444444444444,28,36,-1,-1,0,33,49,-16,0.35714285714285715,0,0,0,0,0,0,0,0,0.6,0.2,7,0,0,0,0.08730158730158727,23
1995-02-25,West Ham,Chelsea,1,2,A,28,29,-1,-1,0,26,37,-11,0.2857142857142857,27,33,-1,-1,0,35,38,-3,0.2962962962962963,0,0,0,0,0,0,0,0,0.2,0.0,-4,0,0,0,-0.010582010582010581,-8
1995-02-26,QPR,Nott'm Forest,1,1,D,26,31,-1,-1,0,39,45,-6,0.3076923076923077,29,46,-1,-1,0,41,32,9,0.4482758620689655,0,0,0,0,0,0,0,0,0.4,0.2,-15,0,0,0,-0.14058355437665782,-15
1995-02-28,Ipswich,Newcastle,0,2,A,29,23,-1,-1,0,31,58,-27,0.20689655172413793,29,54,-1,-1,0,50,31,19,0.5172413793103449,0,0,0,0,0,0,0,0,0.2,0.8,-31,0,0,0,-0.31034482758620696,-46
1995-03-04,Aston Villa,Blackburn,0,1,A,31,38,-1,-1,0,46,45,1,0.2903225806451613,30,66,-1,-1,0,63,26,37,0.6666666666666666,0,0,0,0,0,0,0,0,0.4,0.4,-28,0,0,0,-0.3763440860215053,-36
1995-03-04,Leeds,Sheffield Weds,0,1,A,28,43,-1,-1,0,35,28,7,0.39285714285714285,30,39,-1,-1,0,39,40,-1,0.3333333333333333,0,0,0,0,0,0,1,0,0.4,0.4,4,0,0,0,0.059523809523809534,8
1995-03-04,Leicester,Everton,2,2,D,29,20,-1,-1,0,31,54,-23,0.13793103448275862,30,34,-1,-1,0,30,39,-9,0.26666666666666666,0,0,0,0,0,0,0,0,0.2,0.4,-14,0,0,0,-0.12873563218390804,-14
1995-03-04,Liverpool,Newcastle,2,0,H,28,51,-1,-1,0,48,23,25,0.5,30,57,-1,-1,0,52,31,21,0.5333333333333333,0,0,0,0,1,0,0,0,0.2,0.8,-6,0,0,0,-0.033333333333333326,4
1995-03-04,Man United,Ipswich,9,0,H,30,63,-1,-1,0,53,22,31,0.6333333333333333,30,23,-1,-1,0,31,60,-29,0.2,0,0,0,0,0,0,0,0,0.6,0.2,40,0,0,0,0.4333333333333333,60
1995-03-04,Norwich,Man City,1,1,D,29,36,-1,-1,0,27,33,-6,0.3103448275862069,29,36,-1,-1,0,37,44,-7,0.3103448275862069,0,0,0,0,0,0,0,0,0.0,0.2,0,0,0,0,0.0,1
1995-03-04,Nott'm Forest,Tottenham,2,2,D,30,47,-1,-1,0,42,33,9,0.43333333333333335,28,43,-1,-1,0,46,40,6,0.42857142857142855,0,0,0,0,0,0,0,0,0.2,0.4,4,0,0,0,0.0047619047619048005,3
1995-03-04,Southampton,Coventry,0,0,D,28,31,-1,-1,0,40,46,-6,0.21428571428571427,30,37,-1,-1,0,33,47,-14,0.3,0,0,0,0,1,0,0,0,0.0,0.6,-6,0,0,0,-0.08571428571428572,8
1995-03-04,Wimbledon,QPR,1,3,A,29,39,-1,-1,0,35,50,-15,0.3793103448275862,27,32,-1,-1,0,40,46,-6,0.2962962962962963,0,0,0,0,0,0,0,0,0.2,0.2,7,0,0,0,0.08301404853128991,-9
1995-03-05,Arsenal,West Ham,0,1,A,30,40,-1,-1,0,35,32,3,0.3333333333333333,29,29,-1,-1,0,27,39,-12,0.27586206896551724,0,0,0,0,0,0,0,0,0.4,0.2,11,0,0,0,0.05747126436781608,15
1995-03-05,Chelsea,Crystal Palace,0,0,D,28,36,-1,-1,0,37,39,-2,0.32142857142857145,29,30,-1,-1,0,21,31,-10,0.2413793103448276,0,0,0,0,0,0,0,0,0.2,0.2,6,0,0,0,0.08004926108374386,8
1995-03-06,Aston Villa,Coventry,0,0,D,32,38,-1,-1,0,46,46,0,0.28125,31,38,-1,-1,0,33,47,-14,0.2903225806451613,0,0,0,0,0,0,0,0,0.4,0.6,0,0,0,0,-0.00907258064516131,14
1995-03-07,Wimbledon,Man United,0,1,A,30,39,-1,-1,0,36,53,-17,0.36666666666666664,31,66,-1,-1,0,62,22,40,0.6451612903225806,0,0,0,0,0,0,0,0,0.2,0.8,-27,0,0,0,-0.278494623655914,-57
1995-03-08,Blackburn,Arsenal,3,1,H,31,69,-1,-1,0,64,26,38,0.6774193548387096,31,40,-1,-1,0,35,33,2,0.3225806451612903,0,0,0,0,0,0,0,0,0.6,0.4,29,0,0,0,0.3548387096774193,36
1995-03-08,Man City,Chelsea,1,2,A,30,37,-1,-1,0,38,45,-7,0.3,29,37,-1,-1,0,37,39,-2,0.3103448275862069,0,0,0,0,0,0,0,0,0.2,0.2,0,0,0,0,-0.010344827586206917,-5
1995-03-08,Newcastle,West Ham,2,0,H,31,57,-1,-1,0,52,33,19,0.5161290322580645,30,32,-1,-1,0,28,39,-11,0.3,0,0,0,0,0,0,0,0,0.6,0.4,25,0,0,0,0.2161290322580645,30
1995-03-08,Norwich,Sheffield Weds,0,0,D,30,37,-1,-1,0,28,34,-6,0.3,31,42,-1,-1,0,40,40,0,0.3548387096774194,0,0,0,0,0,0,0,0,0.0,0.4,-5,0,0,0,-0.054838709677419384,-6
1995-03-08,Nott'm Forest,Everton,2,1,H,31,48,-1,-1,0,44,35,9,0.41935483870967744,31,35,-1,-1,0,32,41,-9,0.25806451612903225,0,0,0,0,0,0,0,0,0.0,0.4,13,0,0,0,0.16129032258064518,18
1995-03-08,QPR,Leicester,2,0,H,28,35,-1,-1,0,43,47,-4,0.32142857142857145,30,21,-1,-1,0,33,56,-23,0.13333333333333333,0,0,0,0,0,0,0,0,0.4,0.0,14,0,0,0,0.18809523809523812,19
1995-03-08,Tottenham,Ipswich,3,0,H,29,44,-1,-1,0,48,42,6,0.41379310344827586,31,23,-1,-1,0,31,69,-38,0.1935483870967742,0,0,0,0,0,0,0,0,0.2,0.2,21,0,0,0,0.22024471635150167,44
1995-03-11,Chelsea,Leeds,0,3,A,30,40,-1,-1,0,39,40,-1,0.3333333333333333,29,43,-1,-1,0,35,29,6,0.3793103448275862,0,0,0,0,0,0,0,0,0.4,0.2,-3,0,0,0,-0.04597701149425287,-7
1995-03-11,Coventry,Blackburn,1,1,D,32,39,-1,-1,0,33,47,-14,0.28125,32,72,-1,-1,0,67,27,40,0.6875,0,0,0,0,0,0,0,0,0.6,0.8,-33,0,0,0,-0.40625,-54
1995-03-11,Leicester,Nott'm Forest,2,4,A,31,21,-1,-1,0,33,58,-25,0.12903225806451613,32,51,-1,-1,0,46,36,10,0.4375,0,0,0,0,0,0,0,0,0.0,0.2,-30,0,0,0,-0.3084677419354839,-35
1995-03-11,Sheffield Weds,Wimbledon,0,1,A,32,43,-1,-1,0,40,40,0,0.34375,31,39,-1,-1,0,36,54,-18,0.3548387096774194,0,0,0,0,0,0,0,0,0.2,0.2,4,0,0,0,-0.011088709677419373,18
1995-03-11,West Ham,Norwich,2,2,D,31,32,-1,-1,0,28,41,-13,0.2903225806451613,31,38,-1,-1,0,28,34,-6,0.2903225806451613,0,0,0,0,0,0,0,0,0.2,0.0,-6,0,0,0,0.0,-7
1995-03-14,Crystal Palace,Sheffield Weds,2,1,H,30,31,-1,-1,0,21,31,-10,0.23333333333333334,33,43,-1,-1,0,40,41,-1,0.3333333333333333,0,0,0,0,0,0,0,0,0.2,0.2,-12,0,0,0,-0.09999999999999998,-9
1995-03-14,Liverpool,Coventry,2,3,A,29,54,-1,-1,0,50,23,27,0.5172413793103449,33,40,-1,-1,0,34,48,-14,0.2727272727272727,0,0,0,0,0,0,0,0,0.4,0.4,14,0,0,0,0.24451410658307215,41
1995-03-15,Everton,Man City,1,1,D,32,35,-1,-1,0,33,43,-10,0.25,31,37,-1,-1,0,39,47,-8,0.2903225806451613,0,0,0,0,0,0,0,0,0.2,0.2,-2,0,0,0,-0.04032258064516131,-2
1995-03-15,Leicester,Leeds,1,3,A,32,21,-1,-1,0,35,62,-27,0.125,30,46,-1,-1,0,38,29,9,0.4,0,0,0,0,0,0,0,0,0.0,0.4,-25,0,0,0,-0.275,-36
1995-03-15,Man United,Tottenham,0,0,D,32,69,-1,-1,0,63,22,41,0.65625,30,47,-1,-1,0,51,42,9,0.43333333333333335,0,0,0,0,0,0,0,0,0.8,0.4,22,0,0,0,0.22291666666666665,32
1995-03-15,QPR,Norwich,2,0,H,29,38,-1,-1,0,45,47,-2,0.3448275862068966,32,39,-1,-1,0,30,36,-6,0.28125,0,0,0,0,0,0,0,0,0.6,0.0,-1,0,0,0,0.06357758620689657,4
1995-03-15,Southampton,West Ham,1,1,D,29,32,-1,-1,0,40,46,-6,0.20689655172413793,32,33,-1,-1,0,30,43,-13,0.28125,0,0,0,0,0,0,0,0,0.0,0.2,-1,0,0,0,-0.07435344827586207,7
1995-03-18,Aston Villa,West Ham,0,2,A,33,39,-1,-1,0,46,46,0,0.2727272727272727,33,34,-1,-1,0,31,44,-13,0.2727272727272727,0,0,0,0,0,0,0,0,0.2,0.2,5,0,0,0,0.0,13
1995-03-18,Blackburn,Chelsea,2,1,H,33,73,-1,-1,0,68,28,40,0.6666666666666666,31,40,-1,-1,0,39,43,-4,0.3225806451612903,0,0,0,0,0,0,0,0,0.6,0.4,33,0,0,0,0.3440860215053763,44
1995-03-18,Leeds,Coventry,3,0,H,31,49,-1,-1,0,41,30,11,0.41935483870967744,34,43,-1,-1,0,37,50,-13,0.29411764705882354,0,0,0,0,0,0,0,0,0.6,0.4,6,0,0,0,0.1252371916508539,24
1995-03-18,Man City,Sheffield Weds,3,2,H,32,38,-1,-1,0,40,48,-8,0.28125,34,43,-1,-1,0,41,43,-2,0.3235294117647059,0,0,0,0,0,0,0,0,0.2,0.2,-5,0,0,0,-0.0422794117647059,-6
1995-03-18,Nott'm Forest,Southampton,3,0,H,33,54,-1,-1,0,50,38,12,0.45454545454545453,30,33,-1,-1,0,41,47,-6,0.2,0,0,0,0,0,0,0,0,0.4,0.0,21,0,0,0,0.2545454545454545,18
1995-03-18,QPR,Everton,2,3,A,30,41,-1,-1,0,47,47,0,0.36666666666666664,33,36,-1,-1,0,34,44,-10,0.24242424242424243,1,0,0,0,0,0,0,0,0.6,0.2,5,0,0,0,0.12424242424242421,10
1995-03-18,Tottenham,Leicester,1,0,H,31,48,-1,-1,0,51,42,9,0.41935483870967744,33,21,-1,-1,0,36,65,-29,0.12121212121212122,0,0,0,0,0,0,1,0,0.2,0.0,27,0,0,0,0.2981427174975562,38
1995-03-18,Wimbledon,Crystal Palace,2,0,H,32,42,-1,-1,0,37,54,-17,0.375,31,34,-1,-1,0,23,32,-9,0.25806451612903225,0,0,0,0,0,0,0,0,0.4,0.4,8,0,0,0,0.11693548387096775,-8
1995-03-19,Liverpool,Man United,2,0,H,30,54,-1,-1,0,52,26,26,0.5,33,70,-1,-1,0,63,22,41,0.6363636363636364,0,0,0,0,0,0,0,0,0.4,0.6,-16,0,0,0,-0.13636363636363635,-15
1995-03-19,Newcastle,Arsenal,1,0,H,32,60,-1,-1,0,54,33,21,0.53125,32,40,-1,-1,0,36,36,0,0.3125,0,0,0,0,0,0,0,0,0.8,0.4,20,0,0,0,0.21875,21
1995-03-20,Norwich,Ipswich,3,0,H,33,39,-1,-1,0,30,38,-8,0.2727272727272727,32,23,-1,-1,0,31,72,-41,0.1875,0,0,0,0,0,0,1,0,0.0,0.2,16,0,0,0,0.08522727272727271,33
1995-03-21,Wimbledon,Man City,2,0,H,33,45,-1,-1,0,39,54,-15,0.3939393939393939,33,41,-1,-1,0,43,50,-7,0.30303030303030304,0,0,0,0,0,0,0,0,0.6,0.2,4,0,0,0,0.09090909090909088,-8
1995-03-22,Man United,Arsenal,3,0,H,34,70,-1,-1,0,63,24,39,0.6176470588235294,33,40,-1,-1,0,36,37,-1,0.30303030303030304,0,0,0,0,0,0,1,0,0.4,0.4,30,0,0,0,0.3146167557932264,40
1995-03-22,Nott'm Forest,Leeds,3,0,H,34,57,-1,-1,0,53,38,15,0.47058823529411764,32,52,-1,-1,0,44,30,14,0.4375,1,0,0,0,1,0,0,0,0.6,0.6,5,0,0,0,0.03308823529411764,1
1995-03-22,QPR,Chelsea,1,0,H,31,41,-1,-1,0,49,50,-1,0.3548387096774194,32,40,-1,-1,0,40,45,-5,0.3125,0,0,0,0,0,0,0,0,0.6,0.4,1,0,0,0,0.04233870967741937,4
1995-03-22,Southampton,Newcastle,3,1,H,31,33,-1,-1,0,41,50,-9,0.1935483870967742,33,63,-1,-1,0,55,33,22,0.5454545454545454,0,0,0,0,0,0,0,0,0.0,0.8,-30,0,0,0,-0.3519061583577712,-31
1995-03-22,Tottenham,Liverpool,0,0,D,32,51,-1,-1,0,52,42,10,0.4375,31,57,-1,-1,0,54,26,28,0.5161290322580645,0,0,0,0,0,0,0,0,0.4,0.6,-6,0,0,0,-0.0786290322580645,-18
1995-04-01,Arsenal,Norwich,5,1,H,34,40,-1,-1,0,36,40,-4,0.29411764705882354,34,42,-1,-1,0,33,38,-5,0.29411764705882354,0,0,1,0,0,0,0,0,0.2,0.2,-2,0,0,0,0.0,1
1995-04-01,Chelsea,Newcastle,1,1,D,33,40,-1,-1,0,40,46,-6,0.30303030303030304,34,63,-1,-1,0,56,36,20,0.5294117647058824,0,0,1,0,0,0,0,0,0.2,0.6,-23,0,0,0,-0.22638146167557932,-26
1995-04-01,Coventry,QPR,0,1,A,35,43,-1,-1,0,37,53,-16,0.2857142857142857,32,44,-1,-1,0,50,50,0,0.375,0,0,0,0,0,0,0,0,0.2,0.8,-1,0,0,0,-0.0892857142857143,-16
1995-04-01,Crystal Palace,Man City,2,1,H,32,34,-1,-1,0,23,34,-11,0.25,34,41,-1,-1,0,43,52,-9,0.29411764705882354,0,0,0,0,0,0,0,0,0.2,0.2,-7,0,0,0,-0.04411764705882354,-2
1995-04-01,Everton,Blackburn,1,2,A,34,39,-1,-1,0,37,46,-9,0.2647058823529412,34,76,-1,-1,0,70,29,41,0.6764705882352942,0,0,0,0,0,0,0,0,0.4,0.6,-37,0,0,0,-0.411764705882353,-50
1995-04-01,Ipswich,Aston Villa,0,1,A,33,23,-1,-1,0,31,75,-44,0.18181818181818182,34,39,-1,-1,0,46,48,-2,0.2647058823529412,0,0,1,0,0,0,0,0,0.2,0.0,-16,0,0,0,-0.08288770053475936,-42
1995-04-01,Leicester,Wimbledon,3,4,A,34,21,-1,-1,0,36,66,-30,0.11764705882352941,34,48,-1,-1,0,41,54,-13,0.4117647058823529,0,0,1,0,1,0,0,0,0.0,0.6,-27,0,0,0,-0.2941176470588235,-17
1995-04-01,Sheffield Weds,Nott'm Forest,1,7,A,35,43,-1,-1,0,43,46,-3,0.3142857142857143,35,60,-1,-1,0,56,38,18,0.4857142857142857,0,0,1,0,1,0,0,0,0.2,0.8,-17,0,0,0,-0.17142857142857143,-21
1995-04-02,Man United,Leeds,0,0,D,35,73,-1,-1,0,66,24,42,0.6285714285714286,33,52,-1,-1,0,44,33,11,0.42424242424242425,0,0,0,0,0,0,0,0,0.6,0.6,21,0,0,0,0.2043290043290043,31
1995-04-02,Southampton,Tottenham,4,3,H,32,36,-1,-1,0,44,51,-7,0.21875,33,52,-1,-1,0,52,42,10,0.42424242424242425,0,0,0,0,0,0,0,0,0.2,0.4,-16,0,0,0,-0.20549242424242425,-17
1995-04-04,Crystal Palace,Aston Villa,0,0,D,33,37,-1,-1,0,25,35,-10,0.2727272727272727,35,42,-1,-1,0,47,48,-1,0.2857142857142857,0,0,0,0,0,0,0,0,0.4,0.2,-5,0,0,0,-0.012987012987012991,-9
1995-04-04,QPR,Blackburn,0,1,A,33,47,-1,-1,0,51,50,1,0.3939393939393939,35,79,-1,-1,0,72,30,42,0.6857142857142857,0,0,0,0,0,0,0,0,0.8,0.8,-32,0,0,0,-0.2917748917748918,-41
1995-04-05,Leeds,Ipswich,4,0,H,34,53,-1,-1,0,44,33,11,0.4117647058823529,34,23,-1,-1,0,31,76,-45,0.17647058823529413,0,0,0,0,0,0,1,1,0.6,0.0,30,0,0,0,0.2352941176470588,56
1995-04-05,Leicester,Norwich,1,0,H,35,21,-1,-1,0,39,70,-31,0.11428571428571428,35,42,-1,-1,0,34,43,-9,0.2857142857142857,0,0,1,1,0,0,0,0,0.0,0.2,-21,0,0,0,-0.17142857142857143,-22
1995-04-05,Liverpool,Southampton,3,1,H,32,58,-1,-1,0,54,26,28,0.5,33,39,-1,-1,0,48,54,-6,0.24242424242424243,0,0,0,0,0,0,0,0,0.6,0.4,19,0,0,0,0.25757575757575757,34
1995-04-08,Newcastle,Norwich,3,0,H,35,64,-1,-1,0,57,37,20,0.5142857142857142,36,42,-1,-1,0,34,44,-10,0.2777777777777778,0,0,0,0,0,0,0,0,0.4,0.2,22,0,0,0,0.23650793650793644,30
1995-04-08,Nott'm Forest,West Ham,1,1,D,36,63,-1,-1,0,63,39,24,0.5,34,37,-1,-1,0,33,44,-11,0.29411764705882354,1,1,0,0,0,0,0,0,1.0,0.4,26,0,0,0,0.20588235294117646,35
1995-04-08,QPR,Arsenal,3,1,H,34,47,-1,-1,0,51,51,0,0.38235294117647056,35,43,-1,-1,0,41,41,0,0.3142857142857143,0,0,0,0,0,0,0,0,0.6,0.2,4,0,0,0,0.06806722689075628,0
1995-04-08,Sheffield Weds,Leicester,1,0,H,36,43,-1,-1,0,44,53,-9,0.3055555555555556,36,24,-1,-1,0,40,70,-30,0.1388888888888889,0,0,1,0,0,0,0,0,0.0,0.2,19,0,0,0,0.16666666666666669,21
1995-04-09,Liverpool,Leeds,0,1,A,33,61,-1,-1,0,57,27,30,0.5151515151515151,35,56,-1,-1,0,48,33,15,0.42857142857142855,0,0,0,0,0,0,0,0,0.6,0.6,5,0,0,0,0.08658008658008659,15
1995-04-10,Wimbledon,Chelsea,1,1,D,35,51,-1,-1,0,45,57,-12,0.42857142857142855,34,41,-1,-1,0,41,47,-6,0.29411764705882354,1,0,0,0,0,0,0,0,0.8,0.2,10,0,0,0,0.134453781512605,-6
1995-04-11,Ipswich,QPR,0,1,A,35,23,-1,-1,0,31,80,-49,0.17142857142857143,35,50,-1,-1,0,54,52,2,0.4,0,0,1,1,0,0,0,0,0.0,0.6,-27,0,0,0,-0.2285714285714286,-51
1995-04-11,Tottenham,Man City,2,1,H,34,52,-1,-1,0,55,46,9,0.4117647058823529,35,41,-1,-1,0,44,54,-10,0.2857142857142857,0,0,0,0,0,0,0,0,0.4,0.2,11,0,0,0,0.12605042016806722,19
1995-04-12,Arsenal,Liverpool,0,1,A,36,43,-1,-1,0,42,44,-2,0.3055555555555556,34,61,-1,-1,0,57,28,29,0.5,0,0,0,0,0,0,0,0,0.2,0.4,-18,0,0,0,-0.19444444444444442,-31
1995-04-12,Chelsea,Southampton,0,2,A,35,42,-1,-1,0,42,48,-6,0.2857142857142857,34,39,-1,-1,0,49,57,-8,0.23529411764705882,0,0,0,0,0,0,0,0,0.0,0.4,3,0,0,0,0.05042016806722688,2
1995-04-12,Norwich,Nott'm Forest,0,1,A,37,42,-1,-1,0,34,47,-13,0.2702702702702703,37,64,-1,-1,0,64,40,24,0.4864864864864865,0,0,1,0,0,0,0,0,0.2,0.8,-22,0,0,0,-0.21621621621621623,-37
1995-04-13,West Ham,Wimbledon,3,0,H,35,38,-1,-1,0,34,45,-11,0.2857142857142857,36,52,-1,-1,0,46,58,-12,0.4166666666666667,0,0,0,0,0,0,0,0,0.2,0.8,-14,0,0,0,-0.130952380952381,1
1995-04-14,Crystal Palace,Tottenham,1,1,D,34,38,-1,-1,0,25,35,-10,0.2647058823529412,35,55,-1,-1,0,57,47,10,0.42857142857142855,0,0,0,0,0,0,0,0,0.4,0.4,-17,0,0,0,-0.16386554621848737,-20
1995-04-14,Everton,Newcastle,2,0,H,35,39,-1,-1,0,38,48,-10,0.2571428571428571,36,67,-1,-1,0,60,37,23,0.5277777777777778,0,0,0,0,0,0,0,0,0.2,0.6,-28,0,0,0,-0.2706349206349207,-33
1995-04-14,Man City,Liverpool,2,1,H,36,41,-1,-1,0,45,56,-11,0.2777777777777778,35,64,-1,-1,0,58,28,30,0.5142857142857142,0,0,1,0,0,0,0,0,0.2,0.6,-23,0,0,0,-0.23650793650793644,-41
1995-04-15,Arsenal,Ipswich,4,1,H,37,43,-1,-1,0,42,45,-3,0.2972972972972973,36,23,-1,-1,0,31,81,-50,0.16666666666666666,0,0,0,0,0,0,1,1,0.2,0.0,20,0,0,0,0.13063063063063066,47
1995-04-15,Chelsea,Aston Villa,1,0,H,36,42,-1,-1,0,42,50,-8,0.2777777777777778,36,43,-1,-1,0,47,48,-1,0.2777777777777778,0,0,0,0,0,0,0,0,0.0,0.2,-1,0,0,0,0.0,-7
1995-04-15,Coventry,Sheffield Weds,2,0,H,36,43,-1,-1,0,37,54,-17,0.2777777777777778,37,46,-1,-1,0,45,53,-8,0.32432432432432434,0,0,0,0,0,0,0,0,0.2,0.2,-3,0,0,0,-0.04654654654654655,-9
1995-04-15,Leeds,Blackburn,1,1,D,36,59,-1,-1,0,49,33,16,0.4444444444444444,36,82,-1,-1,0,73,30,43,0.6944444444444444,0,0,0,0,1,0,0,0,0.6,0.8,-23,0,0,0,-0.25,-27
1995-04-15,Leicester,Man United,0,4,A,37,24,-1,-1,0,40,71,-31,0.13513513513513514,36,74,-1,-1,0,66,24,42,0.6111111111111112,0,0,0,0,0,0,0,0,0.2,0.4,-50,0,0,0,-0.475975975975976,-73
1995-04-15,Southampton,QPR,2,1,H,35,42,-1,-1,0,51,57,-6,0.2571428571428571,36,53,-1,-1,0,55,52,3,0.4166666666666667,0,0,0,0,0,0,0,0,0.6,0.8,-11,0,0,0,-0.15952380952380957,-9
1995-04-17,Aston Villa,Arsenal,0,4,A,37,43,-1,-1,0,47,49,-2,0.2702702702702703,38,46,-1,-1,0,46,46,0,0.3157894736842105,0,0,0,0,0,0,0,0,0.2,0.4,-3,0,0,0,-0.045519203413940224,-2
1995-04-17,Blackburn,Man City,2,3,A,37,83,-1,-1,0,74,31,43,0.6756756756756757,37,44,-1,-1,0,47,57,-10,0.2972972972972973,0,0,0,0,0,0,0,0,0.6,0.4,39,0,0,0,0.37837837837837834,53
1995-04-17,Ipswich,West Ham,1,1,D,37,23,-1,-1,0,32,85,-53,0.16216216216216217,36,41,-1,-1,0,37,45,-8,0.3055555555555556,0,0,1,1,0,0,0,0,0.0,0.4,-18,0,0,0,-0.1433933933933934,-45
1995-04-17,Liverpool,Leicester,2,0,H,36,64,-1,-1,0,59,30,29,0.5,38,24,-1,-1,0,40,75,-35,0.13157894736842105,0,0,0,0,0,0,0,0,0.4,0.2,40,0,0,0,0.368421052631579,64
1995-04-17,Man United,Chelsea,0,0,D,37,77,-1,-1,0,70,24,46,0.6216216216216216,37,45,-1,-1,0,43,50,-7,0.2972972972972973,0,0,0,0,0,0,0,0,0.4,0.2,32,0,0,0,0.3243243243243243,53
1995-04-17,Newcastle,Leeds,1,2,A,37,67,-1,-1,0,60,39,21,0.5135135135135135,37,60,-1,-1,0,50,34,16,0.43243243243243246,0,0,0,0,0,0,0,0,0.4,0.4,7,0,0,0,0.08108108108108103,5
1995-04-17,Nott'm Forest,Coventry,2,0,H,38,67,-1,-1,0,65,40,25,0.5,37,46,-1,-1,0,39,54,-15,0.2972972972972973,0,0,0,0,0,0,0,0,0.8,0.4,21,0,0,0,0.2027027027027027,40
1995-04-17,QPR,Crystal Palace,0,1,A,37,53,-1,-1,0,56,54,2,0.40540540540540543,35,39,-1,-1,0,26,36,-10,0.2571428571428571,0,0,0,0,0,0,0,0,0.6,0.4,14,0,0,0,0.1482625482625483,12
1995-04-17,Sheffield Weds,Everton,0,0,D,38,46,-1,-1,0,45,55,-10,0.3157894736842105,36,42,-1,-1,0,40,48,-8,0.2777777777777778,0,0,0,0,0,0,0,0,0.2,0.4,4,0,0,0,0.03801169590643272,-2
1995-04-17,Tottenham,Norwich,1,0,H,36,56,-1,-1,0,58,48,10,0.4166666666666667,38,42,-1,-1,0,34,48,-14,0.2631578947368421,0,0,0,0,0,0,1,0,0.4,0.2,14,0,0,0,0.1535087719298246,24
1995-04-17,Wimbledon,Southampton,0,2,A,37,52,-1,-1,0,46,61,-15,0.40540540540540543,36,45,-1,-1,0,53,58,-5,0.2777777777777778,0,0,0,0,0,0,0,0,0.6,0.8,7,0,0,0,0.12762762762762764,-10
1995-04-19,Blackburn,Crystal Palace,2,1,H,38,83,-1,-1,0,76,34,42,0.6578947368421053,36,42,-1,-1,0,27,36,-9,0.2777777777777778,0,0,0,0,0,0,0,0,0.6,0.4,41,0,0,0,0.3801169590643275,51
1995-04-29,Arsenal,Tottenham,1,1,D,39,49,-1,-1,0,50,46,4,0.3333333333333333,37,59,-1,-1,0,59,48,11,0.43243243243243246,0,0,0,0,0,0,0,0,0.6,0.4,-10,0,0,0,-0.09909909909909914,-7
1995-04-29,Chelsea,QPR,1,0,H,38,46,-1,-1,0,43,50,-7,0.2894736842105263,38,53,-1,-1,0,56,55,1,0.39473684210526316,0,0,0,0,0,0,0,0,0.2,0.4,-7,0,0,0,-0.10526315789473684,-8
1995-04-29,Crystal Palace,Nott'm Forest,1,2,A,37,42,-1,-1,0,28,38,-10,0.2702702702702703,39,70,-1,-1,0,67,40,27,0.5128205128205128,0,0,0,0,0,0,0,0,0.4,0.8,-28,0,0,0,-0.2425502425502425,-37
1995-04-29,Everton,Wimbledon,0,0,D,37,43,-1,-1,0,40,48,-8,0.2702702702702703,38,52,-1,-1,0,46,63,-17,0.39473684210526316,0,0,0,0,0,0,0,0,0.4,0.4,-9,0,0,0,-0.12446657183499288,9
1995-04-29,Leeds,Aston Villa,1,0,H,38,63,-1,-1,0,52,35,17,0.4473684210526316,38,43,-1,-1,0,47,53,-6,0.2631578947368421,0,0,0,0,0,0,0,0,0.6,0.2,20,0,0,0,0.1842105263157895,23
1995-04-29,Leicester,Ipswich,2,0,H,39,24,-1,-1,0,40,77,-37,0.1282051282051282,38,24,-1,-1,0,33,86,-53,0.15789473684210525,0,0,1,0,0,0,0,0,0.2,0.0,0,0,0,0,-0.02968960863697706,16
1995-04-29,Man City,Newcastle,0,0,D,38,47,-1,-1,0,50,59,-9,0.3157894736842105,38,67,-1,-1,0,61,41,20,0.5,0,0,0,0,0,0,0,0,0.4,0.2,-20,0,0,0,-0.1842105263157895,-29
1995-04-29,Norwich,Liverpool,1,2,A,39,42,-1,-1,0,34,49,-15,0.2564102564102564,37,67,-1,-1,0,61,30,31,0.5135135135135135,0,0,1,1,0,0,0,0,0.0,0.6,-25,0,0,0,-0.2571032571032571,-46
1995-04-29,Southampton,Sheffield Weds,0,0,D,37,48,-1,-1,0,55,58,-3,0.2972972972972973,39,47,-1,-1,0,45,55,-10,0.3076923076923077,1,0,0,0,0,0,0,0,0.8,0.2,1,0,0,0,-0.010395010395010396,7
1995-04-30,West Ham,Blackburn,2,0,H,37,42,-1,-1,0,38,46,-8,0.2972972972972973,39,86,-1,-1,0,78,35,43,0.6666666666666666,0,0,0,0,0,0,0,0,0.4,0.6,-44,0,0,0,-0.3693693693693693,-51
1995-05-01,Coventry,Man United,2,3,A,38,46,-1,-1,0,39,56,-17,0.2894736842105263,38,78,-1,-1,0,70,24,46,0.6052631578947368,0,0,0,0,0,0,0,0,0.4,0.4,-32,0,0,0,-0.3157894736842105,-63
1995-05-02,Wimbledon,Liverpool,0,0,D,39,53,-1,-1,0,46,63,-17,0.38461538461538464,38,70,-1,-1,0,63,31,32,0.5263157894736842,0,0,0,0,0,0,0,0,0.2,0.6,-17,0,0,0,-0.14170040485829954,-49
1995-05-03,Aston Villa,Man City,1,1,D,39,43,-1,-1,0,47,54,-7,0.2564102564102564,39,48,-1,-1,0,50,59,-9,0.3076923076923077,0,0,1,0,0,0,0,0,0.2,0.4,-5,0,0,0,-0.05128205128205132,2
1995-05-03,Everton,Chelsea,3,3,D,38,44,-1,-1,0,40,48,-8,0.2631578947368421,39,49,-1,-1,0,44,50,-6,0.3076923076923077,0,0,0,0,0,0,0,0,0.4,0.4,-5,0,0,0,-0.04453441295546562,-2
1995-05-03,Newcastle,Tottenham,3,3,D,39,68,-1,-1,0,61,41,20,0.48717948717948717,38,60,-1,-1,0,60,49,11,0.42105263157894735,0,0,0,0,0,0,0,0,0.2,0.4,8,0,0,0,0.06612685560053982,9
1995-05-03,Southampton,Crystal Palace,3,1,H,38,49,-1,-1,0,55,58,-3,0.2894736842105263,38,42,-1,-1,0,29,40,-11,0.2631578947368421,0,0,0,0,0,0,0,0,0.6,0.2,7,0,0,0,0.026315789473684237,8
1995-05-03,West Ham,QPR,0,0,D,38,45,-1,-1,0,40,46,-6,0.3157894736842105,39,53,-1,-1,0,56,56,0,0.38461538461538464,0,0,0,0,0,0,1,0,0.6,0.4,-8,0,0,0,-0.06882591093117413,-6
1995-05-04,Arsenal,Wimbledon,0,0,D,40,50,-1,-1,0,51,47,4,0.325,40,54,-1,-1,0,46,63,-17,0.375,0,0,0,0,0,0,0,0,0.4,0.0,-4,0,0,0,-0.04999999999999999,21
1995-05-06,Aston Villa,Liverpool,2,0,H,40,44,-1,-1,0,48,55,-7,0.25,39,71,-1,-1,0,63,31,32,0.5128205128205128,0,0,0,0,0,0,0,0,0.0,0.6,-27,0,0,0,-0.2628205128205128,-39
1995-05-06,Crystal Palace,West Ham,1,0,H,39,42,-1,-1,0,30,43,-13,0.2564102564102564,39,46,-1,-1,0,40,46,-6,0.3076923076923077,0,0,1,0,0,0,0,0,0.2,0.4,-4,0,0,0,-0.05128205128205132,-7
1995-05-06,Everton,Southampton,0,0,D,39,45,-1,-1,0,43,51,-8,0.2564102564102564,39,52,-1,-1,0,58,59,-1,0.3076923076923077,0,0,0,0,0,0,0,0,0.2,0.8,-7,0,0,0,-0.05128205128205132,-7
1995-05-06,Ipswich,Coventry,2,0,H,39,24,-1,-1,0,33,88,-55,0.15384615384615385,39,46,-1,-1,0,41,59,-18,0.28205128205128205,0,0,0,0,0,0,0,0,0.0,0.2,-22,0,0,0,-0.1282051282051282,-37
1995-05-06,Leeds,Norwich,2,1,H,39,66,-1,-1,0,53,35,18,0.46153846153846156,40,42,-1,-1,0,35,51,-16,0.25,0,0,0,0,0,0,1,1,0.8,0.0,24,0,0,0,0.21153846153846156,34
1995-05-06,Leicester,Chelsea,1,1,D,40,27,-1,-1,0,42,77,-35,0.15,40,50,-1,-1,0,47,53,-6,0.3,0,0,0,0,0,0,0,0,0.4,0.4,-23,0,0,0,-0.15,-29
1995-05-06,Nott'm Forest,Man City,1,0,H,40,73,-1,-1,0,69,41,28,0.525,40,49,-1,-1,0,51,60,-9,0.3,1,0,0,0,0,0,0,0,0.8,0.4,24,0,0,0,0.22500000000000003,37
1995-05-06,QPR,Tottenham,2,1,H,40,54,-1,-1,0,56,56,0,0.375,39,61,-1,-1,0,63,52,11,0.41025641025641024,0,0,0,0,0,0,0,0,0.2,0.4,-7,0,0,0,-0.03525641025641024,-11
1995-05-07,Man United,Sheffield Weds,1,0,H,39,81,-1,-1,0,73,26,47,0.6153846153846154,40,48,-1,-1,0,45,55,-10,0.3,0,0,0,0,0,0,0,0,0.6,0.2,33,0,0,0,0.31538461538461543,57
1995-05-08,Blackburn,Newcastle,1,0,H,40,86,-1,-1,0,78,37,41,0.65,40,69,-1,-1,0,64,44,20,0.475,0,0,0,0,0,0,0,0,0.4,0.2,17,0,0,0,0.17500000000000004,21
1995-05-09,Ipswich,Everton,0,1,A,40,27,-1,-1,0,35,88,-53,0.175,40,46,-1,-1,0,43,51,-8,0.25,0,0,0,0,0,0,0,0,0.2,0.2,-19,0,0,0,-0.07500000000000001,-45
1995-05-09,Leeds,Crystal Palace,3,1,H,40,69,-1,-1,0,55,36,19,0.475,40,45,-1,-1,0,31,43,-12,0.275,1,0,0,0,0,0,0,0,0.8,0.4,24,0,0,0,0.19999999999999996,31
1995-05-09,Tottenham,Coventry,1,3,A,40,61,-1,-1,0,64,54,10,0.4,40,46,-1,-1,0,41,61,-20,0.275,0,0,0,0,0,0,1,0,0.2,0.2,15,0,0,0,0.125,30
1995-05-10,Man United,Southampton,2,1,H,40,84,-1,-1,0,74,26,48,0.625,40,53,-1,-1,0,58,59,-1,0.3,0,0,0,0,0,0,0,0,0.6,0.6,31,0,0,0,0.325,49
1995-05-10,West Ham,Liverpool,3,0,H,40,46,-1,-1,0,40,47,-7,0.3,40,71,-1,-1,0,63,33,30,0.5,0,0,0,0,0,0,0,0,0.4,0.4,-25,0,0,0,-0.2,-37
1995-05-13,Wimbledon,Nott'm Forest,2,2,D,41,55,-1,-1,0,46,63,-17,0.36585365853658536,41,76,-1,-1,0,70,41,29,0.5365853658536586,0,0,0,0,1,0,0,0,0.0,0.8,-21,0,0,0,-0.1707317073170732,-46
1995-05-14,Chelsea,Arsenal,2,1,H,41,51,-1,-1,0,48,54,-6,0.2926829268292683,41,51,-1,-1,0,51,47,4,0.3170731707317073,0,0,0,0,0,0,0,0,0.4,0.4,0,0,0,0,-0.024390243902439046,-10
1995-05-14,Coventry,Everton,0,0,D,41,49,-1,-1,0,44,62,-18,0.2926829268292683,41,49,-1,-1,0,44,51,-7,0.2682926829268293,0,0,0,0,0,0,0,0,0.4,0.2,0,0,0,0,0.02439024390243899,-11
1995-05-14,Liverpool,Blackburn,2,1,H,41,71,-1,-1,0,63,36,27,0.4878048780487805,41,89,-1,-1,0,79,37,42,0.6585365853658537,0,0,0,0,0,0,0,0,0.4,0.4,-18,0,0,0,-0.1707317073170732,-15
1995-05-14,Man City,QPR,2,3,A,41,49,-1,-1,0,51,61,-10,0.2926829268292683,41,57,-1,-1,0,58,57,1,0.3902439024390244,0,0,0,0,0,0,0,0,0.4,0.2,-8,0,0,0,-0.09756097560975613,-11
1995-05-14,Newcastle,Crystal Palace,3,2,H,41,69,-1,-1,0,64,45,19,0.4634146341463415,41,45,-1,-1,0,32,46,-14,0.2682926829268293,0,0,0,0,0,0,0,0,0.0,0.2,24,0,0,0,0.1951219512195122,33
1995-05-14,Norwich,Aston Villa,1,1,D,41,42,-1,-1,0,36,53,-17,0.24390243902439024,41,47,-1,-1,0,50,55,-5,0.2682926829268293,0,0,1,1,0,0,0,0,0.0,0.2,-5,0,0,0,-0.024390243902439046,-12
1995-05-14,Sheffield Weds,Ipswich,4,1,H,41,48,-1,-1,0,45,56,-11,0.2926829268292683,41,27,-1,-1,0,35,89,-54,0.17073170731707318,0,0,0,0,0,0,0,0,0.2,0.2,21,0,0,0,0.12195121951219509,43
1995-05-14,Southampton,Leicester,2,2,D,41,53,-1,-1,0,59,61,-2,0.2926829268292683,41,28,-1,-1,0,43,78,-35,0.14634146341463414,0,0,0,0,0,0,0,0,0.4,0.2,25,0,0,0,0.14634146341463414,33
1995-05-14,Tottenham,Leeds,1,1,D,41,61,-1,-1,0,65,57,8,0.3902439024390244,41,72,-1,-1,0,58,37,21,0.4878048780487805,0,0,0,0,1,0,0,0,0.2,0.8,-11,0,0,0,-0.09756097560975607,-13
1995-05-14,West Ham,Man United,1,1,D,41,49,-1,-1,0,43,47,-4,0.3170731707317073,41,87,-1,-1,0,76,27,49,0.6341463414634146,0,0,0,0,1,0,0,0,0.4,0.8,-38,0,0,0,-0.3170731707317073,-53
