Date,HomeTeam,AwayTeam,FTHG,FTAG,FTR,HT_match_played,HT_current_standing,HT_past_standing,HT_past_goal_diff,HT_past_win_rate,HT_goal_for,HT_goal_against,HT_goal_diff,HT_win_rate_season,AT_match_played,AT_current_standing,AT_past_standing,AT_past_goal_diff,AT_past_win_rate,AT_goal_for,AT_goal_against,AT_goal_diff,AT_win_rate_season,HT_3_win_streak,HT_5_win_streak,HT_3_lose_Streak,HT_5_lose_Streak,AT_3_win_streak,AT_5_win_streak,AT_3_lose_Streak,AT_5_lose_Streak,HT_5_win_rate,AT_5_win_rate,current_standing_diff,past_standing_diff,past_goal_diff_diff,past_win_rate_diff,win_rate_season_diff,goal_diff_diff
1995-08-19,Aston Villa,Man United,3,1,H,0,0,48,-5,0.2619047619047619,0,0,0,,0,0,88,49,0.6190476190476191,0,0,0,,0,0,0,0,0,0,0,0,,,0,-40,-54,-0.35714285714285715,,0
1995-08-19,Blackburn,QPR,1,0,H,0,0,89,41,0.6428571428571429,0,0,0,,0,0,60,2,0.4047619047619048,0,0,0,,0,0,0,0,0,0,0,0,,,0,29,39,0.23809523809523808,,0
1995-08-19,Chelsea,Everton,0,0,D,0,0,54,-5,0.30952380952380953,0,0,0,,0,0,50,-7,0.2619047619047619,0,0,0,,0,0,0,0,0,0,0,0,,,0,4,2,0.047619047619047616,,0
1995-08-19,Liverpool,Sheffield Weds,1,0,H,0,0,74,28,0.5,0,0,0,,0,0,51,-8,0.30952380952380953,0,0,0,,0,0,0,0,0,0,0,0,,,0,23,36,0.19047619047619047,,0
1995-08-19,Man City,Tottenham,1,1,D,0,0,49,-11,0.2857142857142857,0,0,0,,0,0,62,8,0.3809523809523809,0,0,0,,0,0,0,0,0,0,0,0,,,0,-13,-19,-0.09523809523809518,,0
1995-08-19,Newcastle,Coventry,3,0,H,0,0,72,20,0.4761904761904762,0,0,0,,0,0,50,-18,0.2857142857142857,0,0,0,,0,0,0,0,0,0,0,0,,,0,22,38,0.19047619047619052,,0
1995-08-19,Southampton,Nott'm Forest,3,4,A,0,0,54,-2,0.2857142857142857,0,0,0,,0,0,77,29,0.5238095238095238,0,0,0,,0,0,0,0,0,0,0,0,,,0,-23,-31,-0.23809523809523814,,0
1995-08-19,West Ham,Leeds,1,2,A,0,0,50,-4,0.30952380952380953,0,0,0,,0,0,73,21,0.4761904761904762,0,0,0,,0,0,0,0,0,0,0,0,,,0,-23,-25,-0.16666666666666669,,0
1995-08-19,Wimbledon,Bolton,3,2,H,0,0,56,-17,0.35714285714285715,0,0,0,,0,0,-1,-1,0.0,0,0,0,,0,0,0,0,0,0,0,0,,,0,57,-16,0.35714285714285715,,0
1995-08-20,Arsenal,Middlesbrough,1,1,D,0,0,51,3,0.30952380952380953,0,0,0,,0,0,-1,-1,0.0,0,0,0,,0,0,0,0,0,0,0,0,,,0,52,4,0.30952380952380953,,0
1995-08-21,Leeds,Liverpool,1,0,H,1,3,73,21,0.4761904761904762,2,1,1,1.0,1,3,74,28,0.5,1,0,1,1.0,0,0,0,0,0,0,0,0,,,0,-1,-7,-0.02380952380952378,0.0,0
1995-08-22,Bolton,Newcastle,1,3,A,1,0,-1,-1,0.0,2,3,-1,0.0,1,3,72,20,0.4761904761904762,3,0,3,1.0,0,0,0,0,0,0,0,0,,,-3,-73,-21,-0.4761904761904762,-1.0,-4
1995-08-23,Coventry,Man City,2,1,H,1,0,50,-18,0.2857142857142857,0,3,-3,0.0,1,1,49,-11,0.2857142857142857,1,1,0,0.0,0,0,0,0,0,0,0,0,,,-1,1,-7,0.0,0.0,-3
1995-08-23,Everton,Arsenal,0,2,A,1,1,50,-7,0.2619047619047619,0,0,0,0.0,1,1,51,3,0.30952380952380953,1,1,0,0.0,0,0,0,0,0,0,0,0,,,0,-1,-10,-0.047619047619047616,0.0,0
1995-08-23,Man United,West Ham,2,1,H,1,0,88,49,0.6190476190476191,1,3,-2,0.0,1,0,50,-4,0.30952380952380953,1,2,-1,0.0,0,0,0,0,0,0,0,0,,,0,38,53,0.30952380952380953,0.0,-1
1995-08-23,Nott'm Forest,Chelsea,0,0,D,1,3,77,29,0.5238095238095238,4,3,1,1.0,1,1,54,-5,0.30952380952380953,0,0,0,0.0,0,0,0,0,0,0,0,0,,,2,23,34,0.2142857142857143,1.0,1
1995-08-23,QPR,Wimbledon,0,3,A,1,0,60,2,0.4047619047619048,0,1,-1,0.0,1,3,56,-17,0.35714285714285715,3,2,1,1.0,0,0,0,0,0,0,0,0,,,-3,4,19,0.04761904761904767,-1.0,-2
1995-08-23,Sheffield Weds,Blackburn,2,1,H,1,0,51,-8,0.30952380952380953,0,1,-1,0.0,1,3,89,41,0.6428571428571429,1,0,1,1.0,0,0,0,0,0,0,0,0,,,-3,-38,-49,-0.33333333333333337,-1.0,-2
1995-08-23,Tottenham,Aston Villa,0,1,A,1,1,62,8,0.3809523809523809,1,1,0,0.0,1,3,48,-5,0.2619047619047619,3,1,2,1.0,0,0,0,0,0,0,0,0,,,-2,14,13,0.11904761904761896,-1.0,-2
1995-08-26,Bolton,Blackburn,2,1,H,2,0,-1,-1,0.0,3,6,-3,0.0,2,3,89,41,0.6428571428571429,2,2,0,0.5,0,0,0,0,0,0,0,0,,,-3,-90,-42,-0.6428571428571429,-0.5,-3
1995-08-26,Coventry,Arsenal,0,0,D,2,3,50,-18,0.2857142857142857,2,4,-2,0.5,2,4,51,3,0.30952380952380953,3,1,2,0.5,0,0,0,0,0,0,0,0,,,-1,-1,-21,-0.023809523809523836,0.0,-4
1995-08-26,Everton,Southampton,2,0,H,2,1,50,-7,0.2619047619047619,0,2,-2,0.0,1,0,54,-2,0.2857142857142857,3,4,-1,0.0,0,0,0,0,0,0,0,0,,,1,-4,-5,-0.02380952380952378,0.0,-1
1995-08-26,Leeds,Aston Villa,2,0,H,2,6,73,21,0.4761904761904762,3,1,2,1.0,2,6,48,-5,0.2619047619047619,4,1,3,1.0,0,0,0,0,0,0,0,0,,,0,25,26,0.2142857142857143,0.0,-1
1995-08-26,Man United,Wimbledon,3,1,H,2,3,88,49,0.6190476190476191,3,4,-1,0.5,2,6,56,-17,0.35714285714285715,6,2,4,1.0,0,0,0,0,0,0,0,0,,,-3,32,66,0.2619047619047619,-0.5,-5
1995-08-26,Middlesbrough,Chelsea,2,0,H,1,1,-1,-1,0.0,1,1,0,0.0,2,2,54,-5,0.30952380952380953,0,0,0,0.0,0,0,0,0,0,0,0,0,,,-1,-55,4,-0.30952380952380953,0.0,0
1995-08-26,Nott'm Forest,West Ham,1,1,D,2,4,77,29,0.5238095238095238,4,3,1,0.5,2,0,50,-4,0.30952380952380953,2,4,-2,0.0,0,0,0,0,0,0,0,0,,,4,27,33,0.2142857142857143,0.5,3
1995-08-26,QPR,Man City,1,0,H,2,0,60,2,0.4047619047619048,0,4,-4,0.0,2,1,49,-11,0.2857142857142857,2,3,-1,0.0,0,0,0,0,0,0,0,0,,,-1,11,13,0.11904761904761912,0.0,-3
1995-08-26,Tottenham,Liverpool,1,3,A,2,1,62,8,0.3809523809523809,1,2,-1,0.0,2,3,74,28,0.5,1,1,0,0.5,0,0,0,0,0,0,0,0,,,-2,-12,-20,-0.11904761904761912,-0.5,-1
1995-08-27,Sheffield Weds,Newcastle,0,2,A,2,3,51,-8,0.30952380952380953,2,2,0,0.5,2,6,72,20,0.4761904761904762,6,1,5,1.0,0,0,0,0,0,0,0,0,,,-3,-21,-28,-0.16666666666666669,-0.5,-5
1995-08-28,Blackburn,Man United,1,2,A,3,3,89,41,0.6428571428571429,3,4,-1,0.3333333333333333,3,6,88,49,0.6190476190476191,6,5,1,0.6666666666666666,0,0,0,0,0,0,0,0,,,-3,1,-8,0.023809523809523836,-0.3333333333333333,-2
1995-08-29,Arsenal,Nott'm Forest,1,1,D,3,5,51,3,0.30952380952380953,3,1,2,0.3333333333333333,3,5,77,29,0.5238095238095238,5,4,1,0.3333333333333333,0,0,0,0,0,0,0,0,,,0,-26,-26,-0.2142857142857143,0.0,1
1995-08-30,Aston Villa,Bolton,1,0,H,3,6,48,-5,0.2619047619047619,4,3,1,0.6666666666666666,3,3,-1,-1,0.0,5,7,-2,0.3333333333333333,0,0,0,0,0,0,0,0,,,3,49,-4,0.2619047619047619,0.3333333333333333,3
1995-08-30,Chelsea,Coventry,2,2,D,3,2,54,-5,0.30952380952380953,0,2,-2,0.0,3,4,50,-18,0.2857142857142857,2,4,-2,0.3333333333333333,0,0,0,0,0,0,0,0,,,-2,4,13,0.023809523809523836,-0.3333333333333333,0
1995-08-30,Liverpool,QPR,1,0,H,3,6,74,28,0.5,4,2,2,0.6666666666666666,3,3,60,2,0.4047619047619048,1,4,-3,0.3333333333333333,0,0,0,0,0,0,0,0,,,3,14,26,0.09523809523809518,0.3333333333333333,5
1995-08-30,Man City,Everton,0,2,A,3,1,49,-11,0.2857142857142857,2,4,-2,0.0,3,4,50,-7,0.2619047619047619,2,2,0,0.3333333333333333,0,0,0,0,0,0,0,0,,,-3,-1,-4,0.02380952380952378,-0.3333333333333333,-2
1995-08-30,Newcastle,Middlesbrough,1,0,H,3,9,72,20,0.4761904761904762,8,1,7,1.0,2,4,-1,-1,0.0,3,1,2,0.5,0,0,0,0,0,0,0,0,,,5,73,21,0.4761904761904762,0.5,5
1995-08-30,Southampton,Leeds,1,1,D,2,0,54,-2,0.2857142857142857,3,6,-3,0.0,3,9,73,21,0.4761904761904762,5,1,4,1.0,0,0,0,0,0,0,0,0,,,-9,-19,-23,-0.19047619047619052,-1.0,-7
1995-08-30,West Ham,Tottenham,1,1,D,3,1,50,-4,0.30952380952380953,3,5,-2,0.0,3,1,62,8,0.3809523809523809,2,5,-3,0.0,0,0,0,0,0,0,0,0,,,0,-12,-12,-0.07142857142857134,0.0,1
1995-08-30,Wimbledon,Sheffield Weds,2,2,D,3,6,56,-17,0.35714285714285715,7,5,2,0.6666666666666666,3,3,51,-8,0.30952380952380953,2,4,-2,0.3333333333333333,0,0,0,0,0,0,0,0,,,3,5,-9,0.047619047619047616,0.3333333333333333,4
1995-09-09,Blackburn,Aston Villa,1,1,D,4,3,89,41,0.6428571428571429,4,6,-2,0.25,4,9,48,-5,0.2619047619047619,5,3,2,0.75,0,0,1,0,0,0,0,0,,,-6,41,46,0.380952380952381,-0.5,-4
1995-09-09,Bolton,Middlesbrough,1,1,D,4,3,-1,-1,0.0,5,8,-3,0.25,3,4,-1,-1,0.0,3,2,1,0.3333333333333333,0,0,0,0,0,0,0,0,,,-1,0,0,0.0,-0.08333333333333331,-4
1995-09-09,Coventry,Nott'm Forest,1,1,D,4,5,50,-18,0.2857142857142857,4,6,-2,0.25,4,6,77,29,0.5238095238095238,6,5,1,0.25,0,0,0,0,0,0,0,0,,,-1,-27,-47,-0.23809523809523814,0.0,-3
1995-09-09,Everton,Man United,2,3,A,4,7,50,-7,0.2619047619047619,4,2,2,0.5,4,9,88,49,0.6190476190476191,8,6,2,0.75,0,0,0,0,1,0,0,0,,,-2,-38,-56,-0.35714285714285715,-0.25,0
1995-09-09,QPR,Sheffield Weds,0,3,A,4,3,60,2,0.4047619047619048,1,5,-4,0.25,4,4,51,-8,0.30952380952380953,4,6,-2,0.25,0,0,0,0,0,0,0,0,,,-1,9,10,0.09523809523809529,0.0,-2
1995-09-09,Southampton,Newcastle,1,0,H,3,1,54,-2,0.2857142857142857,4,7,-3,0.0,4,12,72,20,0.4761904761904762,9,1,8,1.0,0,0,0,0,1,0,0,0,,,-11,-18,-22,-0.19047619047619052,-1.0,-11
1995-09-09,Tottenham,Leeds,2,1,H,4,2,62,8,0.3809523809523809,3,6,-3,0.0,4,10,73,21,0.4761904761904762,6,2,4,0.75,0,0,0,0,0,0,0,0,,,-8,-11,-13,-0.09523809523809534,-0.75,-7
1995-09-09,Wimbledon,Liverpool,1,0,H,4,7,56,-17,0.35714285714285715,9,7,2,0.5,4,9,74,28,0.5,5,2,3,0.75,0,0,0,0,0,0,0,0,,,-2,-18,-45,-0.14285714285714285,-0.25,-1
1995-09-10,Man City,Arsenal,0,1,A,4,1,49,-11,0.2857142857142857,2,6,-4,0.0,4,6,51,3,0.30952380952380953,4,2,2,0.25,0,0,1,0,0,0,0,0,,,-5,-2,-14,-0.023809523809523836,-0.25,-6
1995-09-11,West Ham,Chelsea,1,3,A,4,2,50,-4,0.30952380952380953,4,6,-2,0.0,4,3,54,-5,0.30952380952380953,2,4,-2,0.0,0,0,0,0,0,0,0,0,,,-1,-4,1,0.0,0.0,0
1995-09-12,Middlesbrough,Southampton,0,0,D,4,5,-1,-1,0.0,4,3,1,0.25,4,4,54,-2,0.2857142857142857,5,7,-2,0.25,0,0,0,0,0,0,0,0,,,1,-55,1,-0.2857142857142857,0.0,3
1995-09-16,Arsenal,West Ham,1,0,H,5,9,51,3,0.30952380952380953,5,2,3,0.4,5,2,50,-4,0.30952380952380953,5,9,-4,0.0,0,0,0,0,0,0,0,0,0.4,0.0,7,1,7,0.0,0.4,7
1995-09-16,Aston Villa,Wimbledon,2,0,H,5,10,48,-5,0.2619047619047619,6,4,2,0.6,5,10,56,-17,0.35714285714285715,10,7,3,0.6,0,0,0,0,0,0,0,0,0.6,0.6,0,-8,12,-0.09523809523809523,0.0,-1
1995-09-16,Chelsea,Southampton,3,0,H,5,6,54,-5,0.30952380952380953,5,5,0,0.2,5,5,54,-2,0.2857142857142857,5,7,-2,0.2,0,0,0,0,0,0,0,0,0.2,0.2,1,0,-3,0.023809523809523836,0.0,2
1995-09-16,Leeds,QPR,1,3,A,5,10,73,21,0.4761904761904762,7,4,3,0.6,5,3,60,2,0.4047619047619048,1,8,-7,0.2,0,0,0,0,0,0,0,0,0.6,0.2,7,13,19,0.0714285714285714,0.39999999999999997,10
1995-09-16,Liverpool,Blackburn,3,0,H,5,9,74,28,0.5,5,3,2,0.6,5,4,89,41,0.6428571428571429,5,7,-2,0.2,0,0,0,0,0,0,0,0,0.6,0.2,5,-15,-13,-0.1428571428571429,0.39999999999999997,4
1995-09-16,Man United,Bolton,3,0,H,5,12,88,49,0.6190476190476191,11,8,3,0.8,5,4,-1,-1,0.0,6,9,-3,0.2,1,0,0,0,0,0,0,0,0.8,0.2,8,89,50,0.6190476190476191,0.6000000000000001,6
1995-09-16,Middlesbrough,Coventry,2,1,H,5,6,-1,-1,0.0,4,3,1,0.2,5,6,50,-18,0.2857142857142857,5,7,-2,0.2,0,0,0,0,0,0,0,0,0.2,0.2,0,-51,17,-0.2857142857142857,0.0,3
1995-09-16,Newcastle,Man City,3,1,H,5,12,72,20,0.4761904761904762,9,2,7,0.8,5,1,49,-11,0.2857142857142857,2,7,-5,0.0,0,0,0,0,0,0,1,0,0.8,0.0,11,23,31,0.19047619047619052,0.8,12
1995-09-16,Sheffield Weds,Tottenham,1,3,A,5,7,51,-8,0.30952380952380953,7,6,1,0.4,5,5,62,8,0.3809523809523809,5,7,-2,0.2,0,0,0,0,0,0,0,0,0.4,0.2,2,-11,-16,-0.07142857142857134,0.2,3
1995-09-17,Nott'm Forest,Everton,3,2,H,5,7,77,29,0.5238095238095238,7,6,1,0.2,5,7,50,-7,0.2619047619047619,6,5,1,0.4,0,0,0,0,0,0,0,0,0.2,0.4,0,27,36,0.2619047619047619,-0.2,0
1995-09-23,Arsenal,Southampton,4,2,H,6,12,51,3,0.30952380952380953,6,2,4,0.5,6,5,54,-2,0.2857142857142857,5,10,-5,0.16666666666666666,0,0,0,0,0,0,0,0,0.6,0.2,7,-3,5,0.023809523809523836,0.33333333333333337,9
1995-09-23,Aston Villa,Nott'm Forest,1,1,D,6,13,48,-5,0.2619047619047619,8,4,4,0.6666666666666666,6,10,77,29,0.5238095238095238,10,8,2,0.3333333333333333,0,0,0,0,0,0,0,0,0.6,0.2,3,-29,-34,-0.2619047619047619,0.3333333333333333,2
1995-09-23,Blackburn,Coventry,5,1,H,6,4,89,41,0.6428571428571429,5,10,-5,0.16666666666666666,6,6,50,-18,0.2857142857142857,6,9,-3,0.16666666666666666,0,0,0,0,0,0,0,0,0.0,0.2,-2,39,59,0.3571428571428572,0.0,-2
1995-09-23,Liverpool,Bolton,5,2,H,6,12,74,28,0.5,8,3,5,0.6666666666666666,6,4,-1,-1,0.0,6,12,-6,0.16666666666666666,0,0,0,0,0,0,0,0,0.6,0.2,8,75,29,0.5,0.5,11
1995-09-23,Man City,Middlesbrough,0,1,A,6,1,49,-11,0.2857142857142857,3,10,-7,0.0,6,9,-1,-1,0.0,6,4,2,0.3333333333333333,0,0,1,1,0,0,0,0,0.0,0.4,-8,50,-10,0.2857142857142857,-0.3333333333333333,-9
1995-09-23,Sheffield Weds,Man United,0,0,D,6,7,51,-8,0.30952380952380953,8,9,-1,0.3333333333333333,6,15,88,49,0.6190476190476191,14,8,6,0.8333333333333334,0,0,0,0,1,1,0,0,0.4,1.0,-8,-37,-57,-0.30952380952380953,-0.5,-7
1995-09-23,West Ham,Everton,2,1,H,6,2,50,-4,0.30952380952380953,5,10,-5,0.0,6,7,50,-7,0.2619047619047619,8,8,0,0.3333333333333333,0,0,0,0,0,0,0,0,0.0,0.4,-5,0,3,0.047619047619047616,-0.3333333333333333,-5
1995-09-23,Wimbledon,Leeds,2,4,A,6,10,56,-17,0.35714285714285715,10,9,1,0.5,6,10,73,21,0.4761904761904762,8,7,1,0.5,0,0,0,0,0,0,0,0,0.4,0.4,0,-17,-38,-0.11904761904761907,0.0,0
1995-09-24,Newcastle,Chelsea,2,0,H,6,15,72,20,0.4761904761904762,12,3,9,0.8333333333333334,6,9,54,-5,0.30952380952380953,8,5,3,0.3333333333333333,0,0,0,0,0,0,0,0,0.8,0.4,6,18,25,0.16666666666666669,0.5,6
1995-09-25,QPR,Tottenham,2,3,A,6,6,60,2,0.4047619047619048,4,9,-5,0.3333333333333333,6,8,62,8,0.3809523809523809,8,8,0,0.3333333333333333,0,0,0,0,0,0,0,0,0.4,0.4,-2,-2,-6,0.023809523809523947,0.0,-5
1995-09-30,Bolton,QPR,0,1,A,7,4,-1,-1,0.0,8,17,-9,0.14285714285714285,7,6,60,2,0.4047619047619048,6,12,-6,0.2857142857142857,0,0,0,0,0,0,0,0,0.2,0.4,-2,-61,-3,-0.4047619047619048,-0.14285714285714285,-3
1995-09-30,Chelsea,Arsenal,1,0,H,7,9,54,-5,0.30952380952380953,8,7,1,0.2857142857142857,7,15,51,3,0.30952380952380953,10,4,6,0.5714285714285714,0,0,0,0,1,0,0,0,0.4,0.6,-6,3,-8,0.0,-0.2857142857142857,-5
1995-09-30,Coventry,Aston Villa,0,3,A,7,6,50,-18,0.2857142857142857,7,14,-7,0.14285714285714285,7,14,48,-5,0.2619047619047619,9,5,4,0.5714285714285714,0,0,0,0,0,0,0,0,0.0,0.4,-8,2,-13,0.02380952380952378,-0.42857142857142855,-11
1995-09-30,Leeds,Sheffield Weds,2,0,H,7,13,73,21,0.4761904761904762,12,9,3,0.5714285714285714,7,8,51,-8,0.30952380952380953,8,9,-1,0.2857142857142857,0,0,0,0,0,0,0,0,0.4,0.2,5,22,29,0.16666666666666669,0.2857142857142857,4
1995-09-30,Middlesbrough,Blackburn,2,0,H,7,12,-1,-1,0.0,7,4,3,0.42857142857142855,7,7,89,41,0.6428571428571429,10,11,-1,0.2857142857142857,0,0,0,0,0,0,0,0,0.4,0.2,5,-90,-42,-0.6428571428571429,0.14285714285714285,4
1995-09-30,Nott'm Forest,Man City,3,0,H,7,11,77,29,0.5238095238095238,11,9,2,0.2857142857142857,7,1,49,-11,0.2857142857142857,3,11,-8,0.0,0,0,0,0,0,0,1,1,0.2,0.0,10,28,40,0.23809523809523814,0.2857142857142857,10
1995-09-30,Tottenham,Wimbledon,3,1,H,7,11,62,8,0.3809523809523809,11,10,1,0.42857142857142855,7,10,56,-17,0.35714285714285715,12,13,-1,0.42857142857142855,1,0,0,0,0,0,0,0,0.6,0.2,1,6,25,0.023809523809523725,0.0,2
1995-10-01,Everton,Newcastle,1,3,A,7,7,50,-7,0.2619047619047619,9,10,-1,0.2857142857142857,7,18,72,20,0.4761904761904762,14,3,11,0.8571428571428571,0,0,1,0,0,0,0,0,0.4,0.8,-11,-22,-27,-0.2142857142857143,-0.5714285714285714,-12
1995-10-01,Man United,Liverpool,2,2,D,7,16,88,49,0.6190476190476191,14,8,6,0.7142857142857143,7,15,74,28,0.5,13,5,8,0.7142857142857143,0,0,0,0,0,0,0,0,0.8,0.8,1,14,21,0.11904761904761907,0.0,-2
1995-10-02,Southampton,West Ham,0,0,D,7,5,54,-2,0.2857142857142857,7,14,-7,0.14285714285714285,7,5,50,-4,0.30952380952380953,7,11,-4,0.14285714285714285,0,0,0,0,0,0,0,0,0.2,0.2,0,4,2,-0.023809523809523836,0.0,-3
1995-10-14,Aston Villa,Chelsea,0,1,A,8,17,48,-5,0.2619047619047619,12,5,7,0.625,8,12,54,-5,0.30952380952380953,9,7,2,0.375,0,0,0,0,0,0,0,0,0.6,0.6,5,-6,0,-0.047619047619047616,0.25,5
1995-10-14,Blackburn,Southampton,2,1,H,8,7,89,41,0.6428571428571429,10,13,-3,0.25,8,6,54,-2,0.2857142857142857,7,14,-7,0.125,0,0,0,0,0,0,0,0,0.2,0.2,1,35,43,0.3571428571428572,0.125,4
1995-10-14,Bolton,Everton,1,1,D,8,4,-1,-1,0.0,8,18,-10,0.125,8,7,50,-7,0.2619047619047619,10,13,-3,0.25,0,0,1,0,0,0,1,0,0.0,0.2,-3,-51,6,-0.2619047619047619,-0.125,-7
1995-10-14,Leeds,Arsenal,0,3,A,8,16,73,21,0.4761904761904762,14,9,5,0.625,8,15,51,3,0.30952380952380953,10,5,5,0.5,0,0,0,0,0,0,0,0,0.4,0.6,1,22,18,0.16666666666666669,0.125,0
1995-10-14,Liverpool,Coventry,0,0,D,8,16,74,28,0.5,15,7,8,0.625,8,6,50,-18,0.2857142857142857,7,17,-10,0.125,0,0,0,0,0,0,1,0,0.6,0.0,10,24,46,0.2142857142857143,0.5,18
1995-10-14,Man United,Man City,1,0,H,8,17,88,49,0.6190476190476191,16,10,6,0.625,8,1,49,-11,0.2857142857142857,3,14,-11,0.0,0,0,0,0,0,0,1,1,0.6,0.0,16,39,60,0.33333333333333337,0.625,17
1995-10-14,QPR,Newcastle,2,3,A,8,9,60,2,0.4047619047619048,7,12,-5,0.375,8,21,72,20,0.4761904761904762,17,4,13,0.875,0,0,0,0,1,0,0,0,0.4,0.8,-12,-12,-18,-0.0714285714285714,-0.5,-18
1995-10-14,Tottenham,Nott'm Forest,0,1,A,8,14,62,8,0.3809523809523809,14,11,3,0.5,8,14,77,29,0.5238095238095238,14,9,5,0.375,1,0,0,0,0,0,0,0,0.8,0.4,0,-15,-21,-0.14285714285714296,0.125,-2
1995-10-15,Sheffield Weds,Middlesbrough,0,1,A,8,8,51,-8,0.30952380952380953,8,11,-3,0.25,8,15,-1,-1,0.0,9,4,5,0.5,0,0,0,0,1,0,0,0,0.2,0.6,-7,52,-7,0.30952380952380953,-0.25,-8
1995-10-16,Wimbledon,West Ham,0,1,A,8,10,56,-17,0.35714285714285715,13,16,-3,0.375,8,6,50,-4,0.30952380952380953,7,11,-4,0.125,0,0,1,0,0,0,0,0,0.2,0.2,4,6,-13,0.047619047619047616,0.25,1
1995-10-21,Arsenal,Aston Villa,2,0,H,9,18,51,3,0.30952380952380953,13,5,8,0.5555555555555556,9,17,48,-5,0.2619047619047619,12,6,6,0.5555555555555556,0,0,0,0,0,0,0,0,0.8,0.4,1,3,8,0.047619047619047616,0.0,2
1995-10-21,Chelsea,Man United,1,4,A,9,15,54,-5,0.30952380952380953,10,7,3,0.4444444444444444,9,20,88,49,0.6190476190476191,17,10,7,0.6666666666666666,0,0,0,0,0,0,0,0,0.8,0.6,-5,-34,-54,-0.30952380952380953,-0.2222222222222222,-4
1995-10-21,Coventry,Sheffield Weds,0,1,A,9,7,50,-18,0.2857142857142857,7,17,-10,0.1111111111111111,9,8,51,-8,0.30952380952380953,8,12,-4,0.2222222222222222,0,0,0,0,0,0,0,0,0.0,0.2,-1,-1,-10,-0.023809523809523836,-0.1111111111111111,-6
1995-10-21,Man City,Leeds,0,0,D,9,1,49,-11,0.2857142857142857,3,15,-12,0.0,9,16,73,21,0.4761904761904762,14,12,2,0.5555555555555556,0,0,1,1,0,0,0,0,0.0,0.4,-15,-24,-32,-0.19047619047619052,-0.5555555555555556,-14
1995-10-21,Middlesbrough,QPR,1,0,H,9,18,-1,-1,0.0,10,4,6,0.5555555555555556,9,9,60,2,0.4047619047619048,9,15,-6,0.3333333333333333,1,0,0,0,0,0,0,0,0.8,0.4,9,-61,-3,-0.4047619047619048,0.22222222222222227,12
1995-10-21,Newcastle,Wimbledon,6,1,H,9,24,72,20,0.4761904761904762,20,6,14,0.8888888888888888,9,10,56,-17,0.35714285714285715,13,17,-4,0.3333333333333333,1,0,0,0,0,0,1,0,0.8,0.2,14,16,37,0.11904761904761907,0.5555555555555556,18
1995-10-21,Nott'm Forest,Bolton,3,2,H,9,17,77,29,0.5238095238095238,15,9,6,0.4444444444444444,9,5,-1,-1,0.0,9,19,-10,0.1111111111111111,0,0,0,0,0,0,0,0,0.6,0.0,12,78,30,0.5238095238095238,0.3333333333333333,16
1995-10-21,West Ham,Blackburn,1,1,D,9,9,50,-4,0.30952380952380953,8,11,-3,0.2222222222222222,9,10,89,41,0.6428571428571429,12,14,-2,0.3333333333333333,0,0,0,0,0,0,0,0,0.4,0.4,-1,-39,-45,-0.33333333333333337,-0.1111111111111111,-1
1995-10-22,Everton,Tottenham,1,1,D,9,8,50,-7,0.2619047619047619,11,14,-3,0.2222222222222222,9,14,62,8,0.3809523809523809,14,12,2,0.4444444444444444,0,0,0,0,0,0,0,0,0.0,0.8,-6,-12,-15,-0.11904761904761896,-0.2222222222222222,-5
1995-10-22,Southampton,Liverpool,1,3,A,9,6,54,-2,0.2857142857142857,8,16,-8,0.1111111111111111,9,17,74,28,0.5,15,7,8,0.5555555555555556,0,0,0,0,0,0,0,0,0.0,0.4,-11,-20,-30,-0.2142857142857143,-0.4444444444444445,-16
1995-10-28,Aston Villa,Everton,1,0,H,10,17,48,-5,0.2619047619047619,12,8,4,0.5,10,9,50,-7,0.2619047619047619,12,15,-3,0.2,0,0,0,0,0,0,0,0,0.4,0.0,8,-2,2,0.0,0.3,7
1995-10-28,Blackburn,Chelsea,3,0,H,10,11,89,41,0.6428571428571429,13,15,-2,0.3,10,15,54,-5,0.30952380952380953,11,11,0,0.4,0,0,0,0,0,0,0,0,0.4,0.6,-4,35,46,0.33333333333333337,-0.10000000000000003,-2
1995-10-28,Leeds,Coventry,3,1,H,10,17,73,21,0.4761904761904762,14,12,2,0.5,10,7,50,-18,0.2857142857142857,7,18,-11,0.1,0,0,0,0,0,0,0,0,0.4,0.0,10,23,39,0.19047619047619052,0.4,13
1995-10-28,Liverpool,Man City,6,0,H,10,20,74,28,0.5,18,8,10,0.6,10,2,49,-11,0.2857142857142857,3,15,-12,0.0,0,0,0,0,0,0,0,0,0.6,0.0,18,25,39,0.2142857142857143,0.6,22
1995-10-28,Man United,Middlesbrough,2,0,H,10,23,88,49,0.6190476190476191,21,11,10,0.7,10,21,-1,-1,0.0,11,4,7,0.6,0,0,0,0,1,1,0,0,0.6,1.0,2,89,50,0.6190476190476191,0.09999999999999998,3
1995-10-28,QPR,Nott'm Forest,1,1,D,10,9,60,2,0.4047619047619048,9,16,-7,0.3,10,20,77,29,0.5238095238095238,18,11,7,0.5,0,0,0,0,1,0,0,0,0.4,0.8,-11,-17,-27,-0.11904761904761901,-0.2,-14
1995-10-28,Sheffield Weds,West Ham,0,1,A,10,11,51,-8,0.30952380952380953,9,12,-3,0.3,10,10,50,-4,0.30952380952380953,9,12,-3,0.2,0,0,0,0,0,0,0,0,0.2,0.4,1,1,-4,0.0,0.09999999999999998,0
1995-10-28,Wimbledon,Southampton,1,2,A,10,10,56,-17,0.35714285714285715,14,23,-9,0.3,10,6,54,-2,0.2857142857142857,9,19,-10,0.1,0,0,1,1,0,0,0,0,0.0,0.0,4,2,-15,0.07142857142857145,0.19999999999999998,1
1995-10-29,Tottenham,Newcastle,1,1,D,10,15,62,8,0.3809523809523809,15,13,2,0.4,10,27,72,20,0.4761904761904762,26,7,19,0.9,0,0,0,0,1,1,0,0,0.6,1.0,-12,-10,-12,-0.09523809523809534,-0.5,-17
1995-10-30,Bolton,Arsenal,1,0,H,10,5,-1,-1,0.0,11,22,-11,0.1,10,21,51,3,0.30952380952380953,15,5,10,0.6,0,0,0,0,0,0,0,0,0.0,0.8,-16,-52,-4,-0.30952380952380953,-0.5,-21
1995-11-04,Arsenal,Man United,1,0,H,11,21,51,3,0.30952380952380953,15,6,9,0.5454545454545454,11,26,88,49,0.6190476190476191,23,11,12,0.7272727272727273,0,0,0,0,1,0,0,0,0.6,0.6,-5,-37,-46,-0.30952380952380953,-0.18181818181818188,-3
1995-11-04,Chelsea,Sheffield Weds,0,0,D,11,15,54,-5,0.30952380952380953,11,14,-3,0.36363636363636365,11,11,51,-8,0.30952380952380953,9,13,-4,0.2727272727272727,0,0,0,0,0,0,0,0,0.4,0.2,4,3,3,0.0,0.09090909090909094,1
1995-11-04,Coventry,Tottenham,2,3,A,11,7,50,-18,0.2857142857142857,8,21,-13,0.09090909090909091,11,16,62,8,0.3809523809523809,16,14,2,0.36363636363636365,0,0,0,0,0,0,0,0,0.0,0.4,-9,-12,-26,-0.09523809523809518,-0.2727272727272727,-15
1995-11-04,Man City,Bolton,1,0,H,11,2,49,-11,0.2857142857142857,3,21,-18,0.0,11,8,-1,-1,0.0,12,22,-10,0.18181818181818182,0,0,0,0,0,0,0,0,0.0,0.2,-6,50,-10,0.2857142857142857,-0.18181818181818182,-8
1995-11-04,Middlesbrough,Leeds,1,1,D,11,21,-1,-1,0.0,11,6,5,0.5454545454545454,11,20,73,21,0.4761904761904762,17,13,4,0.5454545454545454,0,0,0,0,0,0,0,0,0.8,0.6,1,-74,-22,-0.4761904761904762,0.0,1
1995-11-04,Newcastle,Liverpool,2,1,H,11,28,72,20,0.4761904761904762,27,8,19,0.8181818181818182,11,23,74,28,0.5,24,8,16,0.6363636363636364,0,0,0,0,0,0,0,0,0.8,0.6,5,-2,-8,-0.02380952380952378,0.18181818181818188,3
1995-11-04,Southampton,QPR,2,0,H,11,9,54,-2,0.2857142857142857,11,20,-9,0.18181818181818182,11,10,60,2,0.4047619047619048,10,17,-7,0.2727272727272727,0,0,0,0,0,0,0,0,0.2,0.2,-1,-6,-4,-0.11904761904761912,-0.09090909090909088,-2
1995-11-04,West Ham,Aston Villa,1,4,A,11,13,50,-4,0.30952380952380953,10,12,-2,0.2727272727272727,11,20,48,-5,0.2619047619047619,13,8,5,0.5454545454545454,0,0,0,0,0,0,0,0,0.6,0.4,-7,2,1,0.047619047619047616,-0.2727272727272727,-7
1995-11-05,Everton,Blackburn,1,0,H,11,9,50,-7,0.2619047619047619,12,16,-4,0.18181818181818182,11,14,89,41,0.6428571428571429,16,15,1,0.36363636363636365,0,0,0,0,0,0,0,0,0.0,0.6,-5,-39,-48,-0.380952380952381,-0.18181818181818182,-5
1995-11-06,Nott'm Forest,Wimbledon,4,1,H,11,21,77,29,0.5238095238095238,19,12,7,0.45454545454545453,11,10,56,-17,0.35714285714285715,15,25,-10,0.2727272727272727,0,0,0,0,0,0,1,1,0.6,0.0,11,21,46,0.16666666666666669,0.18181818181818182,17
1995-11-08,Newcastle,Blackburn,1,0,H,12,31,72,20,0.4761904761904762,29,9,20,0.8333333333333334,12,14,89,41,0.6428571428571429,16,16,0,0.3333333333333333,0,0,0,0,0,0,0,0,0.8,0.4,17,-17,-21,-0.16666666666666669,0.5,20
1995-11-18,Aston Villa,Newcastle,1,1,D,12,23,48,-5,0.2619047619047619,17,9,8,0.5833333333333334,13,34,72,20,0.4761904761904762,30,9,21,0.8461538461538461,0,0,0,0,0,0,0,0,0.6,0.8,-11,-24,-25,-0.2142857142857143,-0.2628205128205128,-13
1995-11-18,Blackburn,Nott'm Forest,7,0,H,13,14,89,41,0.6428571428571429,16,17,-1,0.3076923076923077,12,24,77,29,0.5238095238095238,23,13,10,0.5,0,0,0,0,0,0,0,0,0.4,0.8,-10,12,12,0.11904761904761907,-0.1923076923076923,-11
1995-11-18,Bolton,West Ham,0,3,A,12,8,-1,-1,0.0,12,23,-11,0.16666666666666666,12,13,50,-4,0.30952380952380953,11,16,-5,0.25,0,0,0,0,0,0,0,0,0.2,0.4,-5,-51,3,-0.30952380952380953,-0.08333333333333334,-6
1995-11-18,Leeds,Chelsea,1,0,H,12,21,73,21,0.4761904761904762,18,14,4,0.5,12,16,54,-5,0.30952380952380953,11,14,-3,0.3333333333333333,0,0,0,0,0,0,0,0,0.4,0.4,5,19,26,0.16666666666666669,0.16666666666666669,7
1995-11-18,Liverpool,Everton,1,2,A,12,23,74,28,0.5,25,10,15,0.5833333333333334,12,12,50,-7,0.2619047619047619,13,16,-3,0.25,0,0,0,0,0,0,0,0,0.4,0.2,11,24,35,0.23809523809523808,0.33333333333333337,18
1995-11-18,Man United,Southampton,4,1,H,12,26,88,49,0.6190476190476191,23,12,11,0.6666666666666666,12,12,54,-2,0.2857142857142857,13,20,-7,0.25,0,0,0,0,0,0,0,0,0.6,0.4,14,34,51,0.33333333333333337,0.41666666666666663,18
1995-11-18,Sheffield Weds,Man City,1,1,D,12,12,51,-8,0.30952380952380953,9,13,-4,0.25,12,5,49,-11,0.2857142857142857,4,21,-17,0.08333333333333333,0,0,0,0,0,0,0,0,0.2,0.2,7,2,3,0.023809523809523836,0.16666666666666669,13
1995-11-18,Tottenham,Arsenal,2,1,H,12,19,62,8,0.3809523809523809,19,16,3,0.4166666666666667,12,24,51,3,0.30952380952380953,16,6,10,0.5833333333333334,0,0,0,0,0,0,0,0,0.4,0.6,-5,11,5,0.07142857142857134,-0.16666666666666669,-7
1995-11-18,Wimbledon,Middlesbrough,0,0,D,12,10,56,-17,0.35714285714285715,16,29,-13,0.25,12,22,-1,-1,0.0,12,7,5,0.5,0,0,1,1,0,0,0,0,0.0,0.6,-12,57,-16,0.35714285714285715,-0.25,-18
1995-11-19,QPR,Coventry,1,1,D,12,10,60,2,0.4047619047619048,10,19,-9,0.25,12,7,50,-18,0.2857142857142857,10,24,-14,0.08333333333333333,0,0,0,0,0,0,1,0,0.2,0.0,3,10,20,0.11904761904761912,0.16666666666666669,5
1995-11-20,Southampton,Aston Villa,0,1,A,13,12,54,-2,0.2857142857142857,14,24,-10,0.23076923076923078,13,24,48,-5,0.2619047619047619,18,10,8,0.5384615384615384,0,0,0,0,0,0,0,0,0.4,0.4,-12,6,3,0.02380952380952378,-0.30769230769230765,-18
1995-11-21,Arsenal,Sheffield Weds,4,2,H,13,24,51,3,0.30952380952380953,17,8,9,0.5384615384615384,13,13,51,-8,0.30952380952380953,10,14,-4,0.23076923076923078,0,0,0,0,0,0,0,0,0.6,0.2,11,0,11,0.0,0.30769230769230765,13
1995-11-21,Middlesbrough,Tottenham,0,1,A,13,23,-1,-1,0.0,12,7,5,0.46153846153846156,13,22,62,8,0.3809523809523809,21,17,4,0.46153846153846156,0,0,0,0,0,0,0,0,0.4,0.4,1,-63,-9,-0.3809523809523809,0.0,1
1995-11-22,Chelsea,Bolton,3,2,H,13,16,54,-5,0.30952380952380953,11,15,-4,0.3076923076923077,13,8,-1,-1,0.0,12,26,-14,0.15384615384615385,0,0,0,0,0,0,0,0,0.2,0.2,8,55,-4,0.30952380952380953,0.15384615384615385,10
1995-11-22,Coventry,Man United,0,4,A,13,8,50,-18,0.2857142857142857,11,25,-14,0.07692307692307693,13,29,88,49,0.6190476190476191,27,13,14,0.6923076923076923,0,0,0,0,0,0,0,0,0.0,0.8,-21,-38,-67,-0.33333333333333337,-0.6153846153846154,-28
1995-11-22,Everton,QPR,2,0,H,13,15,50,-7,0.2619047619047619,15,17,-2,0.3076923076923077,13,11,60,2,0.4047619047619048,11,20,-9,0.23076923076923078,0,0,0,0,0,0,0,0,0.4,0.0,4,-10,-9,-0.1428571428571429,0.07692307692307693,7
1995-11-22,Man City,Wimbledon,1,0,H,13,6,49,-11,0.2857142857142857,5,22,-17,0.07692307692307693,13,11,56,-17,0.35714285714285715,16,29,-13,0.23076923076923078,0,0,0,0,0,0,0,0,0.2,0.0,-5,-7,6,-0.07142857142857145,-0.15384615384615385,-4
1995-11-22,West Ham,Liverpool,0,0,D,13,16,50,-4,0.30952380952380953,14,16,-2,0.3076923076923077,13,23,74,28,0.5,26,12,14,0.5384615384615384,0,0,0,0,0,0,0,0,0.6,0.4,-7,-24,-32,-0.19047619047619047,-0.23076923076923073,-16
1995-11-25,Chelsea,Tottenham,0,0,D,14,19,54,-5,0.30952380952380953,14,17,-3,0.35714285714285715,14,25,62,8,0.3809523809523809,22,17,5,0.5,0,0,0,0,1,0,0,0,0.2,0.6,-6,-8,-13,-0.07142857142857134,-0.14285714285714285,-8
1995-11-25,Coventry,Wimbledon,3,3,D,14,8,50,-18,0.2857142857142857,11,29,-18,0.07142857142857142,14,11,56,-17,0.35714285714285715,16,30,-14,0.21428571428571427,0,0,0,0,0,0,0,0,0.0,0.0,-3,-6,-1,-0.07142857142857145,-0.14285714285714285,-4
1995-11-25,Everton,Sheffield Weds,2,2,D,14,18,50,-7,0.2619047619047619,17,17,0,0.35714285714285715,14,13,51,-8,0.30952380952380953,12,18,-6,0.21428571428571427,1,0,0,0,0,0,0,0,0.6,0.2,5,-1,1,-0.047619047619047616,0.14285714285714288,6
1995-11-25,Man City,Aston Villa,1,0,H,14,9,49,-11,0.2857142857142857,6,22,-16,0.14285714285714285,14,27,48,-5,0.2619047619047619,19,10,9,0.5714285714285714,0,0,0,0,0,0,0,0,0.4,0.6,-18,1,-6,0.02380952380952378,-0.42857142857142855,-25
1995-11-25,Middlesbrough,Liverpool,2,1,H,14,23,-1,-1,0.0,12,8,4,0.42857142857142855,14,24,74,28,0.5,26,12,14,0.5,0,0,0,0,0,0,0,0,0.2,0.4,-1,-75,-29,-0.5,-0.07142857142857145,-10
1995-11-25,Newcastle,Leeds,2,1,H,14,35,72,20,0.4761904761904762,31,10,21,0.7857142857142857,13,24,73,21,0.4761904761904762,19,14,5,0.5384615384615384,0,0,0,0,0,0,0,0,0.6,0.4,11,-1,-1,0.0,0.24725274725274726,16
1995-11-25,Southampton,Bolton,1,0,H,14,12,54,-2,0.2857142857142857,14,25,-11,0.21428571428571427,14,8,-1,-1,0.0,14,29,-15,0.14285714285714285,0,0,0,0,0,0,1,0,0.4,0.2,4,55,-1,0.2857142857142857,0.07142857142857142,4
1995-11-25,West Ham,QPR,1,0,H,14,17,50,-4,0.30952380952380953,14,16,-2,0.2857142857142857,14,11,60,2,0.4047619047619048,11,22,-11,0.21428571428571427,0,0,0,0,0,0,0,0,0.4,0.0,6,-10,-6,-0.09523809523809529,0.07142857142857142,9
1995-11-26,Arsenal,Blackburn,0,0,D,14,27,51,3,0.30952380952380953,21,10,11,0.5714285714285714,14,17,89,41,0.6428571428571429,23,17,6,0.35714285714285715,0,0,0,0,0,0,0,0,0.6,0.4,10,-38,-38,-0.33333333333333337,0.21428571428571425,5
1995-11-27,Nott'm Forest,Man United,1,1,D,13,24,77,29,0.5238095238095238,23,20,3,0.46153846153846156,14,32,88,49,0.6190476190476191,31,13,18,0.7142857142857143,0,0,0,0,0,0,0,0,0.6,0.8,-8,-11,-20,-0.09523809523809523,-0.25274725274725274,-15
1995-12-02,Aston Villa,Arsenal,1,1,D,15,27,48,-5,0.2619047619047619,19,11,8,0.5333333333333333,15,28,51,3,0.30952380952380953,21,10,11,0.5333333333333333,0,0,0,0,0,0,0,0,0.6,0.4,-1,-3,-8,-0.047619047619047616,0.0,-3
1995-12-02,Blackburn,West Ham,4,2,H,15,18,89,41,0.6428571428571429,23,17,6,0.3333333333333333,15,20,50,-4,0.30952380952380953,15,16,-1,0.3333333333333333,0,0,0,0,0,0,0,0,0.4,0.6,-2,39,45,0.33333333333333337,0.0,7
1995-12-02,Bolton,Nott'm Forest,1,1,D,15,8,-1,-1,0.0,14,30,-16,0.13333333333333333,14,25,77,29,0.5238095238095238,24,21,3,0.42857142857142855,0,0,1,0,0,0,0,0,0.2,0.4,-17,-78,-30,-0.5238095238095238,-0.2952380952380952,-19
1995-12-02,Leeds,Man City,0,1,A,14,24,73,21,0.4761904761904762,20,16,4,0.5,15,12,49,-11,0.2857142857142857,7,22,-15,0.2,0,0,0,0,0,0,0,0,0.4,0.6,12,24,32,0.19047619047619052,0.3,19
1995-12-02,Liverpool,Southampton,1,1,D,15,24,74,28,0.5,27,14,13,0.4666666666666667,15,15,54,-2,0.2857142857142857,15,25,-10,0.26666666666666666,0,0,0,0,0,0,0,0,0.2,0.6,9,20,30,0.2142857142857143,0.2,23
1995-12-02,Man United,Chelsea,1,1,D,15,33,88,49,0.6190476190476191,32,14,18,0.6666666666666666,15,20,54,-5,0.30952380952380953,14,17,-3,0.3333333333333333,0,0,0,0,0,0,0,0,0.6,0.2,13,34,54,0.30952380952380953,0.3333333333333333,21
1995-12-02,QPR,Middlesbrough,1,1,D,15,11,60,2,0.4047619047619048,11,23,-12,0.2,15,26,-1,-1,0.0,14,9,5,0.4666666666666667,0,0,0,0,0,0,0,0,0.0,0.2,-15,61,3,0.4047619047619048,-0.26666666666666666,-17
1995-12-02,Tottenham,Everton,0,0,D,15,26,62,8,0.3809523809523809,22,17,5,0.4666666666666667,15,19,50,-7,0.2619047619047619,19,19,0,0.3333333333333333,0,0,0,0,0,0,0,0,0.6,0.6,7,12,15,0.11904761904761896,0.13333333333333336,5
1995-12-03,Wimbledon,Newcastle,3,3,D,15,12,56,-17,0.35714285714285715,19,33,-14,0.2,15,38,72,20,0.4761904761904762,33,11,22,0.8,0,0,0,0,0,0,0,0,0.0,0.6,-26,-16,-37,-0.11904761904761907,-0.6000000000000001,-36
1995-12-04,Sheffield Weds,Coventry,4,3,H,15,14,51,-8,0.30952380952380953,14,20,-6,0.2,15,9,50,-18,0.2857142857142857,14,32,-18,0.06666666666666667,0,0,0,0,0,0,0,0,0.0,0.0,5,1,10,0.023809523809523836,0.13333333333333336,12
1995-12-09,Bolton,Liverpool,0,1,A,16,9,-1,-1,0.0,15,31,-16,0.125,16,25,74,28,0.5,28,15,13,0.4375,0,0,0,0,0,0,0,0,0.0,0.0,-16,-75,-29,-0.5,-0.3125,-29
1995-12-09,Chelsea,Newcastle,1,0,H,16,21,54,-5,0.30952380952380953,15,18,-3,0.3125,16,39,72,20,0.4761904761904762,36,14,22,0.75,0,0,0,0,0,0,0,0,0.2,0.6,-18,-18,-25,-0.16666666666666669,-0.4375,-25
1995-12-09,Coventry,Blackburn,5,0,H,16,9,50,-18,0.2857142857142857,17,36,-19,0.0625,16,21,89,41,0.6428571428571429,27,19,8,0.375,0,0,0,0,0,0,0,0,0.0,0.4,-12,-39,-59,-0.3571428571428572,-0.3125,-27
1995-12-09,Leeds,Wimbledon,1,1,D,15,24,73,21,0.4761904761904762,20,17,3,0.4666666666666667,16,13,56,-17,0.35714285714285715,22,36,-14,0.1875,0,0,0,0,0,0,0,0,0.4,0.0,11,17,38,0.11904761904761907,0.2791666666666667,17
1995-12-09,Man United,Sheffield Weds,2,2,D,16,34,88,49,0.6190476190476191,33,15,18,0.625,16,17,51,-8,0.30952380952380953,18,23,-5,0.25,0,0,0,0,0,0,0,0,0.4,0.2,17,37,57,0.30952380952380953,0.375,23
1995-12-09,Middlesbrough,Man City,4,1,H,16,27,-1,-1,0.0,15,10,5,0.4375,16,15,49,-11,0.2857142857142857,8,22,-14,0.25,0,0,0,0,1,0,0,0,0.2,0.8,12,-50,10,-0.2857142857142857,0.1875,19
1995-12-09,Southampton,Arsenal,0,0,D,16,16,54,-2,0.2857142857142857,16,26,-10,0.25,16,29,51,3,0.30952380952380953,22,11,11,0.5,0,0,0,0,0,0,0,0,0.4,0.4,-13,3,-5,-0.023809523809523836,-0.25,-21
1995-12-09,Tottenham,QPR,1,0,H,16,27,62,8,0.3809523809523809,22,17,5,0.4375,16,12,60,2,0.4047619047619048,12,24,-12,0.1875,0,0,0,0,0,0,0,0,0.6,0.0,15,2,6,-0.023809523809523947,0.25,17
1995-12-10,Nott'm Forest,Aston Villa,1,1,D,15,26,77,29,0.5238095238095238,25,22,3,0.4,16,28,48,-5,0.2619047619047619,20,12,8,0.5,0,0,0,0,0,0,0,0,0.2,0.4,-2,29,34,0.2619047619047619,-0.09999999999999998,-5
1995-12-11,Everton,West Ham,3,0,H,16,20,50,-7,0.2619047619047619,19,19,0,0.3125,16,20,50,-4,0.30952380952380953,17,20,-3,0.3125,0,0,0,0,0,0,0,0,0.6,0.4,0,0,-3,-0.047619047619047616,0.0,3
1995-12-16,Arsenal,Chelsea,1,1,D,17,30,51,3,0.30952380952380953,22,11,11,0.47058823529411764,17,24,54,-5,0.30952380952380953,16,18,-2,0.35294117647058826,0,0,0,0,0,0,0,0,0.2,0.4,6,-3,8,0.0,0.11764705882352938,13
1995-12-16,Aston Villa,Coventry,4,1,H,17,29,48,-5,0.2619047619047619,21,13,8,0.47058823529411764,17,12,50,-18,0.2857142857142857,22,36,-14,0.11764705882352941,0,0,0,0,0,0,0,0,0.2,0.2,17,-2,13,-0.02380952380952378,0.3529411764705882,22
1995-12-16,Blackburn,Middlesbrough,1,0,H,17,21,89,41,0.6428571428571429,27,24,3,0.35294117647058826,17,30,-1,-1,0.0,19,11,8,0.47058823529411764,0,0,0,0,0,0,0,0,0.4,0.4,-9,90,42,0.6428571428571429,-0.11764705882352938,-5
1995-12-16,Newcastle,Everton,1,0,H,17,39,72,20,0.4761904761904762,36,15,21,0.7058823529411765,17,23,50,-7,0.2619047619047619,22,19,3,0.35294117647058826,0,0,0,0,0,0,0,0,0.4,0.6,16,22,27,0.2142857142857143,0.35294117647058826,18
1995-12-16,QPR,Bolton,2,1,H,17,12,60,2,0.4047619047619048,12,25,-13,0.17647058823529413,17,9,-1,-1,0.0,15,32,-17,0.11764705882352941,0,0,0,0,0,0,0,0,0.0,0.0,3,61,3,0.4047619047619048,0.05882352941176472,4
1995-12-16,Sheffield Weds,Leeds,6,2,H,17,18,51,-8,0.30952380952380953,20,25,-5,0.23529411764705882,16,25,73,21,0.4761904761904762,21,18,3,0.4375,0,0,0,0,0,0,0,0,0.2,0.2,-7,-22,-29,-0.16666666666666669,-0.20220588235294118,-8
1995-12-16,West Ham,Southampton,2,1,H,17,20,50,-4,0.30952380952380953,17,23,-6,0.29411764705882354,17,17,54,-2,0.2857142857142857,16,26,-10,0.23529411764705882,0,0,0,0,0,0,0,0,0.4,0.2,3,-4,-2,0.023809523809523836,0.05882352941176472,4
1995-12-16,Wimbledon,Tottenham,0,1,A,17,14,56,-17,0.35714285714285715,23,37,-14,0.17647058823529413,17,30,62,8,0.3809523809523809,23,17,6,0.47058823529411764,0,0,0,0,0,0,0,0,0.0,0.6,-16,-6,-25,-0.023809523809523725,-0.2941176470588235,-20
1995-12-17,Liverpool,Man United,2,0,H,17,28,74,28,0.5,29,15,14,0.47058823529411764,17,35,88,49,0.6190476190476191,35,17,18,0.5882352941176471,0,0,0,0,0,0,0,0,0.2,0.4,-7,-14,-21,-0.11904761904761907,-0.11764705882352944,-4
1995-12-18,Man City,Nott'm Forest,1,1,D,17,15,49,-11,0.2857142857142857,9,26,-17,0.23529411764705882,16,27,77,29,0.5238095238095238,26,23,3,0.375,0,0,0,0,0,0,0,0,0.6,0.2,-12,-28,-40,-0.23809523809523814,-0.13970588235294118,-20
1995-12-23,Coventry,Everton,2,1,H,18,12,50,-18,0.2857142857142857,23,40,-17,0.1111111111111111,18,23,50,-7,0.2619047619047619,22,20,2,0.3333333333333333,0,0,0,0,0,0,0,0,0.2,0.4,-11,0,-11,0.02380952380952378,-0.2222222222222222,-19
1995-12-23,Liverpool,Arsenal,3,1,H,18,31,74,28,0.5,31,15,16,0.5,18,31,51,3,0.30952380952380953,23,12,11,0.4444444444444444,0,0,0,0,0,0,0,0,0.4,0.2,0,23,25,0.19047619047619047,0.05555555555555558,5
1995-12-23,Man City,Chelsea,0,1,A,18,16,49,-11,0.2857142857142857,10,27,-17,0.2222222222222222,18,25,54,-5,0.30952380952380953,17,19,-2,0.3333333333333333,0,0,0,0,0,0,0,0,0.6,0.4,-9,-5,-6,-0.023809523809523836,-0.1111111111111111,-15
1995-12-23,Middlesbrough,West Ham,4,2,H,18,30,-1,-1,0.0,19,12,7,0.4444444444444444,18,23,50,-4,0.30952380952380953,19,24,-5,0.3333333333333333,0,0,0,0,0,0,0,0,0.4,0.4,7,-51,3,-0.30952380952380953,0.1111111111111111,12
1995-12-23,Newcastle,Nott'm Forest,3,1,H,18,42,72,20,0.4761904761904762,37,15,22,0.7222222222222222,17,28,77,29,0.5238095238095238,27,24,3,0.35294117647058826,0,0,0,0,0,0,0,0,0.4,0.0,14,-5,-9,-0.047619047619047616,0.36928104575163395,19
1995-12-23,QPR,Aston Villa,1,0,H,18,15,60,2,0.4047619047619048,14,26,-12,0.2222222222222222,18,32,48,-5,0.2619047619047619,25,14,11,0.5,0,0,0,0,0,0,0,0,0.2,0.4,-17,12,7,0.1428571428571429,-0.2777777777777778,-23
1995-12-23,Sheffield Weds,Southampton,2,2,D,18,21,51,-8,0.30952380952380953,26,27,-1,0.2777777777777778,18,17,54,-2,0.2857142857142857,17,28,-11,0.2222222222222222,0,0,0,0,0,0,0,0,0.4,0.2,4,-3,-6,0.023809523809523836,0.05555555555555558,10
1995-12-23,Tottenham,Bolton,2,2,D,18,33,62,8,0.3809523809523809,24,17,7,0.5,18,9,-1,-1,0.0,16,34,-18,0.1111111111111111,0,0,0,0,0,0,0,0,0.6,0.0,24,63,9,0.3809523809523809,0.3888888888888889,25
1995-12-23,Wimbledon,Blackburn,1,1,D,18,14,56,-17,0.35714285714285715,23,38,-15,0.16666666666666666,18,24,89,41,0.6428571428571429,28,24,4,0.3888888888888889,0,0,0,0,0,0,0,0,0.0,0.6,-10,-33,-58,-0.28571428571428575,-0.22222222222222224,-19
1995-12-24,Leeds,Man United,3,1,H,17,25,73,21,0.4761904761904762,23,24,-1,0.4117647058823529,18,35,88,49,0.6190476190476191,35,19,16,0.5555555555555556,0,0,0,0,0,0,0,0,0.2,0.2,-10,-15,-28,-0.14285714285714285,-0.14379084967320266,-17
1995-12-26,Arsenal,QPR,3,0,H,19,31,51,3,0.30952380952380953,24,15,9,0.42105263157894735,19,18,60,2,0.4047619047619048,15,26,-11,0.2631578947368421,0,0,0,0,0,0,0,0,0.0,0.4,13,-9,1,-0.09523809523809529,0.15789473684210525,20
1995-12-26,Blackburn,Man City,2,0,H,19,25,89,41,0.6428571428571429,29,25,4,0.3684210526315789,19,16,49,-11,0.2857142857142857,10,28,-18,0.21052631578947367,0,0,0,0,0,0,0,0,0.4,0.4,9,40,52,0.3571428571428572,0.15789473684210525,22
1995-12-26,Chelsea,Wimbledon,1,2,A,19,28,54,-5,0.30952380952380953,18,19,-1,0.3684210526315789,19,15,56,-17,0.35714285714285715,24,39,-15,0.15789473684210525,0,0,0,0,0,0,0,0,0.4,0.0,13,-2,12,-0.047619047619047616,0.21052631578947367,14
1995-12-26,Everton,Middlesbrough,4,0,H,19,23,50,-7,0.2619047619047619,23,22,1,0.3157894736842105,19,33,-1,-1,0.0,23,14,9,0.47368421052631576,0,0,0,0,0,0,0,0,0.2,0.6,-10,51,-6,0.2619047619047619,-0.15789473684210525,-8
1995-12-26,Nott'm Forest,Sheffield Weds,1,0,H,18,28,77,29,0.5238095238095238,28,27,1,0.3333333333333333,19,22,51,-8,0.30952380952380953,28,29,-1,0.2631578947368421,0,0,0,0,0,0,0,0,0.0,0.4,6,26,37,0.2142857142857143,0.07017543859649122,2
1995-12-26,Southampton,Tottenham,0,0,D,19,18,54,-2,0.2857142857142857,19,30,-11,0.21052631578947367,19,34,62,8,0.3809523809523809,26,19,7,0.47368421052631576,0,0,0,0,0,0,0,0,0.2,0.4,-16,-8,-10,-0.09523809523809518,-0.2631578947368421,-18
1995-12-27,Bolton,Leeds,0,2,A,19,10,-1,-1,0.0,18,36,-18,0.10526315789473684,18,28,73,21,0.4761904761904762,26,25,1,0.4444444444444444,0,0,0,0,0,0,0,0,0.0,0.2,-18,-74,-22,-0.4761904761904762,-0.3391812865497076,-19
1995-12-27,Man United,Newcastle,2,0,H,19,35,88,49,0.6190476190476191,36,22,14,0.5263157894736842,19,45,72,20,0.4761904761904762,40,16,24,0.7368421052631579,0,0,0,0,0,0,0,0,0.0,0.6,-10,16,29,0.14285714285714285,-0.21052631578947367,-10
1995-12-30,Arsenal,Wimbledon,1,3,A,20,34,51,3,0.30952380952380953,27,15,12,0.45,20,18,56,-17,0.35714285714285715,26,40,-14,0.2,0,0,0,0,0,0,0,0,0.2,0.2,16,-5,20,-0.047619047619047616,0.25,26
1995-12-30,Blackburn,Tottenham,2,1,H,20,28,89,41,0.6428571428571429,31,25,6,0.4,20,35,62,8,0.3809523809523809,26,19,7,0.45,0,0,0,0,0,0,0,0,0.6,0.4,-7,27,33,0.26190476190476203,-0.04999999999999999,-1
1995-12-30,Bolton,Coventry,1,2,A,20,10,-1,-1,0.0,18,38,-20,0.1,19,15,50,-18,0.2857142857142857,25,41,-16,0.15789473684210525,0,0,0,0,0,0,0,0,0.0,0.4,-5,-51,17,-0.2857142857142857,-0.05789473684210525,-4
1995-12-30,Chelsea,Liverpool,2,2,D,20,28,54,-5,0.30952380952380953,19,21,-2,0.35,19,34,74,28,0.5,34,16,18,0.5263157894736842,0,0,0,0,1,0,0,0,0.4,0.6,-6,-20,-33,-0.19047619047619047,-0.1763157894736842,-20
1995-12-30,Everton,Leeds,2,0,H,20,26,50,-7,0.2619047619047619,27,22,5,0.35,19,31,73,21,0.4761904761904762,28,25,3,0.47368421052631576,0,0,0,0,0,0,0,0,0.4,0.4,-5,-23,-28,-0.2142857142857143,-0.12368421052631579,2
1995-12-30,Man United,QPR,2,1,H,20,38,88,49,0.6190476190476191,38,22,16,0.55,20,18,60,2,0.4047619047619048,15,29,-14,0.25,0,0,0,0,0,0,0,0,0.2,0.4,20,28,47,0.21428571428571425,0.30000000000000004,30
1995-12-30,Nott'm Forest,Middlesbrough,1,0,H,19,31,77,29,0.5238095238095238,29,27,2,0.3684210526315789,20,33,-1,-1,0.0,23,18,5,0.45,0,0,0,0,0,0,0,0,0.2,0.4,-2,78,30,0.5238095238095238,-0.08157894736842108,-3
1996-01-01,Coventry,Southampton,1,1,D,20,18,50,-18,0.2857142857142857,27,42,-15,0.2,20,19,54,-2,0.2857142857142857,19,30,-11,0.2,0,0,0,0,0,0,0,0,0.6,0.0,-1,-4,-16,0.0,0.0,-4
1996-01-01,Leeds,Blackburn,0,0,D,20,31,73,21,0.4761904761904762,28,27,1,0.45,21,31,89,41,0.6428571428571429,33,26,7,0.42857142857142855,0,0,0,0,0,0,0,0,0.4,0.6,0,-16,-20,-0.16666666666666669,0.021428571428571463,-6
1996-01-01,Liverpool,Nott'm Forest,4,2,H,20,35,74,28,0.5,36,18,18,0.5,20,34,77,29,0.5238095238095238,30,27,3,0.4,0,0,0,0,0,0,0,0,0.6,0.4,1,-3,-1,-0.023809523809523836,0.09999999999999998,15
1996-01-01,Man City,West Ham,2,1,H,20,16,49,-11,0.2857142857142857,10,30,-20,0.2,19,23,50,-4,0.30952380952380953,21,28,-7,0.3157894736842105,0,0,0,0,0,0,0,0,0.2,0.4,-7,-1,-7,-0.023809523809523836,-0.1157894736842105,-13
1996-01-01,Middlesbrough,Aston Villa,0,2,A,21,33,-1,-1,0.0,23,19,4,0.42857142857142855,19,32,48,-5,0.2619047619047619,25,15,10,0.47368421052631576,0,0,0,0,0,0,0,0,0.4,0.2,1,-49,4,-0.2619047619047619,-0.045112781954887216,-6
1996-01-01,Sheffield Weds,Bolton,4,2,H,20,22,51,-8,0.30952380952380953,28,30,-2,0.25,21,10,-1,-1,0.0,19,40,-21,0.09523809523809523,0,0,0,0,0,0,0,0,0.4,0.0,12,52,-7,0.30952380952380953,0.15476190476190477,19
1996-01-01,Tottenham,Man United,4,1,H,21,35,62,8,0.3809523809523809,27,21,6,0.42857142857142855,21,41,88,49,0.6190476190476191,40,23,17,0.5714285714285714,0,0,0,0,0,0,0,0,0.4,0.4,-6,-26,-41,-0.2380952380952382,-0.14285714285714285,-11
1996-01-01,Wimbledon,Everton,2,3,A,21,21,56,-17,0.35714285714285715,29,41,-12,0.23809523809523808,21,29,50,-7,0.2619047619047619,29,22,7,0.38095238095238093,0,0,0,0,0,0,0,0,0.4,0.6,-8,6,-10,0.09523809523809523,-0.14285714285714285,-19
1996-01-02,Newcastle,Arsenal,2,0,H,20,45,72,20,0.4761904761904762,40,18,22,0.7,21,34,51,3,0.30952380952380953,28,18,10,0.42857142857142855,0,0,0,0,0,0,0,0,0.4,0.2,11,21,17,0.16666666666666669,0.2714285714285714,12
1996-01-02,QPR,Chelsea,1,2,A,21,18,60,2,0.4047619047619048,16,31,-15,0.23809523809523808,21,29,54,-5,0.30952380952380953,21,23,-2,0.3333333333333333,0,0,0,0,0,0,0,0,0.4,0.4,-11,6,7,0.09523809523809529,-0.09523809523809523,-13
1996-01-13,Bolton,Wimbledon,1,0,H,22,10,-1,-1,0.0,21,44,-23,0.09090909090909091,22,21,56,-17,0.35714285714285715,31,44,-13,0.22727272727272727,0,0,1,0,0,0,0,0,0.0,0.4,-11,-57,16,-0.35714285714285715,-0.13636363636363635,-10
1996-01-13,Everton,Chelsea,1,1,D,22,32,50,-7,0.2619047619047619,32,24,8,0.4090909090909091,22,32,54,-5,0.30952380952380953,23,24,-1,0.36363636363636365,1,0,0,0,0,0,0,0,0.6,0.4,0,-4,-2,-0.047619047619047616,0.04545454545454547,9
1996-01-13,Leeds,West Ham,2,0,H,21,32,73,21,0.4761904761904762,28,27,1,0.42857142857142855,20,23,50,-4,0.30952380952380953,22,30,-8,0.3,0,0,0,0,0,0,0,0,0.4,0.2,9,23,25,0.16666666666666669,0.12857142857142856,9
1996-01-13,Man United,Aston Villa,0,0,D,22,41,88,49,0.6190476190476191,41,27,14,0.5454545454545454,20,35,48,-5,0.2619047619047619,27,15,12,0.5,0,0,0,0,0,0,0,0,0.4,0.4,6,40,54,0.35714285714285715,0.045454545454545414,2
1996-01-13,Middlesbrough,Arsenal,2,3,A,22,33,-1,-1,0.0,23,21,2,0.4090909090909091,22,34,51,3,0.30952380952380953,28,20,8,0.4090909090909091,0,0,1,0,0,0,0,0,0.2,0.2,-1,-52,-4,-0.30952380952380953,0.0,-6
1996-01-13,Nott'm Forest,Southampton,1,0,H,21,34,77,29,0.5238095238095238,32,31,1,0.38095238095238093,21,20,54,-2,0.2857142857142857,20,31,-11,0.19047619047619047,0,0,0,0,0,0,0,0,0.4,0.0,14,23,31,0.23809523809523814,0.19047619047619047,12
1996-01-13,QPR,Blackburn,0,1,A,22,18,60,2,0.4047619047619048,17,33,-16,0.22727272727272727,22,32,89,41,0.6428571428571429,33,26,7,0.4090909090909091,0,0,1,0,0,0,0,0,0.4,0.6,-14,-29,-39,-0.23809523809523808,-0.18181818181818185,-23
1996-01-13,Sheffield Weds,Liverpool,1,1,D,21,25,51,-8,0.30952380952380953,32,32,0,0.2857142857142857,21,38,74,28,0.5,40,20,20,0.5238095238095238,0,0,0,0,0,0,0,0,0.4,0.8,-13,-23,-36,-0.19047619047619047,-0.23809523809523814,-20
1996-01-13,Tottenham,Man City,1,0,H,22,38,62,8,0.3809523809523809,31,22,9,0.45454545454545453,21,19,49,-11,0.2857142857142857,12,31,-19,0.23809523809523808,0,0,0,0,0,0,0,0,0.4,0.2,19,13,19,0.09523809523809518,0.21645021645021645,28
1996-01-14,Coventry,Newcastle,0,1,A,21,19,50,-18,0.2857142857142857,28,43,-15,0.19047619047619047,21,48,72,20,0.4761904761904762,42,18,24,0.7142857142857143,0,0,0,0,0,0,0,0,0.6,0.6,-29,-22,-38,-0.19047619047619052,-0.5238095238095238,-39
1996-01-20,Arsenal,Everton,1,2,A,23,37,51,3,0.30952380952380953,31,22,9,0.43478260869565216,23,33,50,-7,0.2619047619047619,33,25,8,0.391304347826087,0,0,0,0,0,0,0,0,0.4,0.6,4,1,10,0.047619047619047616,0.04347826086956519,1
1996-01-20,Blackburn,Sheffield Weds,3,0,H,23,35,89,41,0.6428571428571429,34,26,8,0.43478260869565216,22,26,51,-8,0.30952380952380953,33,33,0,0.2727272727272727,0,0,0,0,0,0,0,0,0.6,0.4,9,38,49,0.33333333333333337,0.16205533596837945,8
1996-01-20,Chelsea,Nott'm Forest,1,0,H,23,33,54,-5,0.30952380952380953,24,25,-1,0.34782608695652173,22,37,77,29,0.5238095238095238,33,31,2,0.4090909090909091,0,0,0,0,0,0,0,0,0.4,0.6,-4,-23,-34,-0.2142857142857143,-0.06126482213438739,-3
1996-01-20,Liverpool,Leeds,5,0,H,22,39,74,28,0.5,41,21,20,0.5,22,35,73,21,0.4761904761904762,30,27,3,0.45454545454545453,0,0,0,0,0,0,0,0,0.6,0.6,4,1,7,0.02380952380952378,0.04545454545454547,17
1996-01-20,Man City,Coventry,1,1,D,22,19,49,-11,0.2857142857142857,12,32,-20,0.22727272727272727,22,19,50,-18,0.2857142857142857,28,44,-16,0.18181818181818182,0,0,0,0,0,0,0,0,0.2,0.4,0,-1,7,0.0,0.04545454545454544,-4
1996-01-20,Newcastle,Bolton,2,1,H,22,51,72,20,0.4761904761904762,43,18,25,0.7272727272727273,23,13,-1,-1,0.0,22,44,-22,0.13043478260869565,0,0,0,0,0,0,0,0,0.8,0.2,38,73,21,0.4761904761904762,0.5968379446640316,47
1996-01-20,Southampton,Middlesbrough,2,1,H,22,20,54,-2,0.2857142857142857,20,32,-12,0.18181818181818182,23,33,-1,-1,0.0,25,24,1,0.391304347826087,0,0,0,0,0,0,1,0,0.0,0.2,-13,55,-1,0.2857142857142857,-0.20948616600790515,-13
1996-01-20,Wimbledon,QPR,2,1,H,23,21,56,-17,0.35714285714285715,31,45,-14,0.21739130434782608,23,18,60,2,0.4047619047619048,17,34,-17,0.21739130434782608,0,0,0,0,0,0,1,0,0.4,0.2,3,-4,-19,-0.04761904761904767,0.0,3
1996-01-21,Aston Villa,Tottenham,2,1,H,21,36,48,-5,0.2619047619047619,27,15,12,0.47619047619047616,23,41,62,8,0.3809523809523809,32,22,10,0.4782608695652174,0,0,0,0,0,0,0,0,0.4,0.4,-5,-14,-13,-0.11904761904761896,-0.0020703933747412417,2
1996-01-23,West Ham,Man United,0,1,A,21,23,50,-4,0.30952380952380953,22,32,-10,0.2857142857142857,23,42,88,49,0.6190476190476191,41,27,14,0.5217391304347826,0,0,1,0,0,0,0,0,0.2,0.4,-19,-38,-53,-0.30952380952380953,-0.2360248447204969,-24
1996-01-31,Aston Villa,Liverpool,0,2,A,22,39,48,-5,0.2619047619047619,29,16,13,0.5,23,42,74,28,0.5,46,21,25,0.5217391304347826,0,0,0,0,0,0,0,0,0.6,0.6,-3,-26,-33,-0.23809523809523808,-0.021739130434782594,-12
1996-01-31,Nott'm Forest,Leeds,2,1,H,23,37,77,29,0.5238095238095238,33,32,1,0.391304347826087,23,35,73,21,0.4761904761904762,30,32,-2,0.43478260869565216,0,0,0,0,0,0,0,0,0.6,0.4,2,4,8,0.047619047619047616,-0.04347826086956519,3
1996-01-31,Southampton,Man City,1,1,D,23,23,54,-2,0.2857142857142857,22,33,-11,0.21739130434782608,23,20,49,-11,0.2857142857142857,13,33,-20,0.21739130434782608,0,0,0,0,0,0,0,0,0.2,0.2,3,5,9,0.0,0.0,9
1996-01-31,West Ham,Coventry,3,2,H,22,23,50,-4,0.30952380952380953,22,33,-11,0.2727272727272727,23,20,50,-18,0.2857142857142857,29,45,-16,0.17391304347826086,0,0,1,0,0,0,0,0,0.2,0.4,3,0,14,0.023809523809523836,0.09881422924901184,5
1996-02-03,Arsenal,Coventry,1,1,D,24,37,51,3,0.30952380952380953,32,24,8,0.4166666666666667,24,20,50,-18,0.2857142857142857,31,48,-17,0.16666666666666666,0,0,0,0,0,0,0,0,0.4,0.2,17,1,21,0.023809523809523836,0.25,25
1996-02-03,Aston Villa,Leeds,3,0,H,23,39,48,-5,0.2619047619047619,29,18,11,0.4782608695652174,24,35,73,21,0.4761904761904762,31,34,-3,0.4166666666666667,0,0,0,0,0,0,0,0,0.4,0.2,4,-25,-26,-0.2142857142857143,0.06159420289855072,14
1996-02-03,Blackburn,Bolton,3,1,H,24,38,89,41,0.6428571428571429,37,26,11,0.4583333333333333,24,13,-1,-1,0.0,23,46,-23,0.125,0,0,0,0,0,0,0,0,0.8,0.2,25,90,42,0.6428571428571429,0.3333333333333333,34
1996-02-03,Liverpool,Tottenham,0,0,D,24,45,74,28,0.5,48,21,27,0.5416666666666666,24,41,62,8,0.3809523809523809,33,24,9,0.4583333333333333,0,0,0,0,0,0,0,0,0.6,0.4,4,12,20,0.11904761904761912,0.08333333333333331,18
1996-02-03,Man City,QPR,2,0,H,24,21,49,-11,0.2857142857142857,14,34,-20,0.20833333333333334,24,18,60,2,0.4047619047619048,18,36,-18,0.20833333333333334,0,0,0,0,0,0,1,1,0.2,0.0,3,-11,-13,-0.11904761904761912,0.0,-2
1996-02-03,Newcastle,Sheffield Weds,2,0,H,23,54,72,20,0.4761904761904762,45,19,26,0.7391304347826086,23,26,51,-8,0.30952380952380953,33,36,-3,0.2608695652173913,1,0,0,0,0,0,0,0,0.8,0.2,28,21,28,0.16666666666666669,0.47826086956521735,29
1996-02-03,Southampton,Everton,2,2,D,24,24,54,-2,0.2857142857142857,23,34,-11,0.20833333333333334,24,36,50,-7,0.2619047619047619,35,26,9,0.4166666666666667,0,0,0,0,0,0,0,0,0.2,0.8,-12,4,5,0.02380952380952378,-0.20833333333333334,-20
1996-02-03,West Ham,Nott'm Forest,1,0,H,23,26,50,-4,0.30952380952380953,25,35,-10,0.30434782608695654,24,40,77,29,0.5238095238095238,35,33,2,0.4166666666666667,0,0,0,0,0,0,0,0,0.2,0.6,-14,-27,-33,-0.2142857142857143,-0.11231884057971014,-12
1996-02-03,Wimbledon,Man United,2,4,A,24,24,56,-17,0.35714285714285715,33,46,-13,0.25,24,45,88,49,0.6190476190476191,42,27,15,0.5416666666666666,0,0,0,0,0,0,0,0,0.6,0.6,-21,-32,-66,-0.2619047619047619,-0.29166666666666663,-28
1996-02-04,Chelsea,Middlesbrough,5,0,H,24,36,54,-5,0.30952380952380953,25,25,0,0.375,24,33,-1,-1,0.0,26,26,0,0.375,0,0,0,0,0,0,1,1,0.4,0.0,3,55,-4,0.30952380952380953,0.0,0
1996-02-10,Bolton,Aston Villa,0,2,A,25,13,-1,-1,0.0,24,49,-25,0.12,24,42,48,-5,0.2619047619047619,32,18,14,0.5,0,0,0,0,0,0,0,0,0.2,0.6,-29,-49,4,-0.2619047619047619,-0.38,-39
1996-02-10,Coventry,Chelsea,1,0,H,25,21,50,-18,0.2857142857142857,32,49,-17,0.16,25,39,54,-5,0.30952380952380953,30,25,5,0.4,0,0,0,0,0,0,0,0,0.0,0.6,-18,-4,-13,-0.023809523809523836,-0.24000000000000002,-22
1996-02-10,Everton,Man City,2,0,H,25,37,50,-7,0.2619047619047619,37,28,9,0.4,25,24,49,-11,0.2857142857142857,16,34,-18,0.24,0,0,0,0,0,0,0,0,0.6,0.4,13,1,4,-0.02380952380952378,0.16000000000000003,27
1996-02-10,Man United,Blackburn,1,0,H,25,48,88,49,0.6190476190476191,46,29,17,0.56,25,41,89,41,0.6428571428571429,40,27,13,0.48,0,0,0,0,1,0,0,0,0.6,0.8,7,-1,8,-0.023809523809523836,0.08000000000000007,4
1996-02-10,Middlesbrough,Newcastle,1,2,A,25,33,-1,-1,0.0,26,31,-5,0.36,24,57,72,20,0.4761904761904762,47,19,28,0.75,0,0,1,1,1,0,0,0,0.0,0.8,-24,-73,-21,-0.4761904761904762,-0.39,-33
1996-02-10,Nott'm Forest,Arsenal,0,1,A,25,40,77,29,0.5238095238095238,35,34,1,0.4,25,38,51,3,0.30952380952380953,33,25,8,0.4,0,0,0,0,0,0,0,0,0.4,0.2,2,26,26,0.2142857142857143,0.0,-7
1996-02-10,Sheffield Weds,Wimbledon,2,1,H,24,26,51,-8,0.30952380952380953,33,38,-5,0.25,25,24,56,-17,0.35714285714285715,35,50,-15,0.24,0,0,0,0,0,0,0,0,0.2,0.4,2,-5,9,-0.047619047619047616,0.010000000000000009,10
1996-02-11,QPR,Liverpool,1,2,A,25,18,60,2,0.4047619047619048,18,38,-20,0.2,25,46,74,28,0.5,48,21,27,0.52,0,0,1,1,0,0,0,0,0.0,0.6,-28,-14,-26,-0.09523809523809518,-0.32,-47
1996-02-12,Tottenham,West Ham,0,1,A,25,42,62,8,0.3809523809523809,33,24,9,0.44,24,29,50,-4,0.30952380952380953,26,35,-9,0.3333333333333333,0,0,0,0,0,0,0,0,0.4,0.4,13,12,12,0.07142857142857134,0.10666666666666669,18
1996-02-17,Chelsea,West Ham,1,2,A,26,39,54,-5,0.30952380952380953,30,26,4,0.38461538461538464,25,32,50,-4,0.30952380952380953,27,35,-8,0.36,0,0,0,0,1,0,0,0,0.6,0.6,7,4,-1,0.0,0.02461538461538465,12
1996-02-17,Middlesbrough,Bolton,1,4,A,26,33,-1,-1,0.0,27,33,-6,0.34615384615384615,26,13,-1,-1,0.0,24,51,-27,0.11538461538461539,0,0,1,1,0,0,1,0,0.0,0.2,20,0,0,0.0,0.23076923076923075,21
1996-02-17,Sheffield Weds,QPR,1,3,A,25,29,51,-8,0.30952380952380953,35,39,-4,0.28,26,18,60,2,0.4047619047619048,19,40,-21,0.19230769230769232,0,0,0,0,0,0,1,1,0.4,0.0,11,-9,-10,-0.09523809523809529,0.08769230769230771,17
1996-02-21,Man United,Everton,2,0,H,26,51,88,49,0.6190476190476191,47,29,18,0.5769230769230769,26,40,50,-7,0.2619047619047619,39,28,11,0.4230769230769231,1,0,0,0,0,0,0,0,0.6,0.6,11,38,56,0.35714285714285715,0.1538461538461538,7
1996-02-21,West Ham,Newcastle,2,0,H,26,35,50,-4,0.30952380952380953,29,36,-7,0.38461538461538464,25,60,72,20,0.4761904761904762,49,20,29,0.76,1,0,0,0,1,1,0,0,0.8,1.0,-25,-22,-24,-0.16666666666666669,-0.37538461538461537,-36
1996-02-24,Blackburn,Liverpool,2,3,A,26,41,89,41,0.6428571428571429,40,28,12,0.46153846153846156,26,49,74,28,0.5,50,22,28,0.5384615384615384,0,0,0,0,0,0,0,0,0.6,0.6,-8,15,13,0.1428571428571429,-0.07692307692307687,-16
1996-02-24,Coventry,Middlesbrough,0,0,D,26,24,50,-18,0.2857142857142857,33,49,-16,0.19230769230769232,27,33,-1,-1,0.0,28,37,-9,0.3333333333333333,0,0,0,0,0,0,1,1,0.2,0.0,-9,51,-17,0.2857142857142857,-0.141025641025641,-7
1996-02-24,Everton,Nott'm Forest,3,0,H,27,40,50,-7,0.2619047619047619,39,30,9,0.4074074074074074,26,40,77,29,0.5238095238095238,35,35,0,0.38461538461538464,0,0,0,0,0,0,0,0,0.4,0.4,0,-27,-36,-0.2619047619047619,0.022792022792022748,9
1996-02-24,Man City,Newcastle,3,3,D,26,24,49,-11,0.2857142857142857,16,36,-20,0.23076923076923078,26,60,72,20,0.4761904761904762,49,22,27,0.7307692307692307,0,0,0,0,0,0,0,0,0.2,0.8,-36,-23,-31,-0.19047619047619052,-0.49999999999999994,-47
1996-02-24,Southampton,Chelsea,2,3,A,25,25,54,-2,0.2857142857142857,25,36,-11,0.2,27,39,54,-5,0.30952380952380953,31,28,3,0.37037037037037035,0,0,0,0,0,0,0,0,0.2,0.4,-14,0,3,-0.023809523809523836,-0.17037037037037034,-14
1996-02-24,Tottenham,Sheffield Weds,1,0,H,26,42,62,8,0.3809523809523809,33,25,8,0.4230769230769231,26,29,51,-8,0.30952380952380953,36,42,-6,0.2692307692307692,0,0,0,0,0,0,0,0,0.4,0.2,13,11,16,0.07142857142857134,0.15384615384615385,14
1996-02-24,West Ham,Arsenal,0,1,A,27,38,50,-4,0.30952380952380953,31,36,-5,0.4074074074074074,26,41,51,3,0.30952380952380953,34,25,9,0.4230769230769231,1,1,0,0,0,0,0,0,1.0,0.4,-3,-1,-7,0.0,-0.015669515669515688,-14
1996-02-24,Wimbledon,Aston Villa,3,3,D,26,24,56,-17,0.35714285714285715,36,52,-16,0.23076923076923078,25,45,48,-5,0.2619047619047619,34,18,16,0.52,0,0,0,0,0,0,0,0,0.2,0.6,-21,8,-12,0.09523809523809523,-0.28923076923076924,-32
1996-02-25,Bolton,Man United,0,6,A,27,16,-1,-1,0.0,28,52,-24,0.14814814814814814,27,54,88,49,0.6190476190476191,49,29,20,0.5925925925925926,0,0,0,0,1,0,0,0,0.4,0.8,-38,-89,-50,-0.6190476190476191,-0.4444444444444444,-44
1996-02-28,Aston Villa,Blackburn,2,0,H,26,46,48,-5,0.2619047619047619,37,21,16,0.5,27,41,89,41,0.6428571428571429,42,31,11,0.4444444444444444,0,0,0,0,0,0,0,0,0.6,0.6,5,-41,-46,-0.380952380952381,0.05555555555555558,5
1996-03-02,Coventry,West Ham,2,2,D,27,25,50,-18,0.2857142857142857,33,49,-16,0.18518518518518517,28,38,50,-4,0.30952380952380953,31,37,-6,0.39285714285714285,0,0,0,0,0,0,0,0,0.2,0.8,-13,0,-14,-0.023809523809523836,-0.20767195767195767,-10
1996-03-02,Leeds,Bolton,0,1,A,25,35,73,21,0.4761904761904762,31,37,-6,0.4,28,16,-1,-1,0.0,28,58,-30,0.14285714285714285,0,0,1,0,0,0,0,0,0.2,0.2,19,74,22,0.4761904761904762,0.2571428571428572,24
1996-03-02,Man City,Blackburn,1,1,D,27,25,49,-11,0.2857142857142857,19,39,-20,0.2222222222222222,28,41,89,41,0.6428571428571429,42,33,9,0.42857142857142855,0,0,0,0,0,0,1,0,0.2,0.4,-16,-40,-52,-0.3571428571428572,-0.20634920634920634,-29
1996-03-02,Middlesbrough,Everton,0,2,A,28,34,-1,-1,0.0,28,37,-9,0.32142857142857145,28,43,50,-7,0.2619047619047619,42,30,12,0.42857142857142855,0,0,0,0,0,0,0,0,0.0,0.6,-9,-51,6,-0.2619047619047619,-0.1071428571428571,-21
1996-03-02,QPR,Arsenal,1,1,D,27,21,60,2,0.4047619047619048,22,41,-19,0.2222222222222222,27,44,51,3,0.30952380952380953,35,25,10,0.4444444444444444,0,0,0,0,0,0,0,0,0.2,0.6,-23,9,-1,0.09523809523809529,-0.2222222222222222,-29
1996-03-02,Sheffield Weds,Nott'm Forest,1,3,A,27,29,51,-8,0.30952380952380953,36,43,-7,0.25925925925925924,27,40,77,29,0.5238095238095238,35,38,-3,0.37037037037037035,0,0,0,0,0,0,1,0,0.2,0.2,-11,-26,-37,-0.2142857142857143,-0.1111111111111111,-4
1996-03-02,Tottenham,Southampton,1,0,H,27,45,62,8,0.3809523809523809,34,25,9,0.4444444444444444,26,25,54,-2,0.2857142857142857,27,39,-12,0.19230769230769232,0,0,0,0,0,0,0,0,0.4,0.2,20,8,10,0.09523809523809518,0.25213675213675213,21
1996-03-02,Wimbledon,Chelsea,1,1,D,27,25,56,-17,0.35714285714285715,39,55,-16,0.2222222222222222,28,42,54,-5,0.30952380952380953,34,30,4,0.39285714285714285,0,0,0,0,0,0,0,0,0.2,0.6,-17,2,-12,0.047619047619047616,-0.17063492063492064,-20
1996-03-03,Liverpool,Aston Villa,3,0,H,27,52,74,28,0.5,53,24,29,0.5555555555555556,27,49,48,-5,0.2619047619047619,39,21,18,0.5185185185185185,0,0,0,0,0,0,0,0,0.8,0.6,3,26,33,0.23809523809523808,0.03703703703703709,11
1996-03-04,Newcastle,Man United,0,1,A,27,61,72,20,0.4761904761904762,52,25,27,0.7037037037037037,28,57,88,49,0.6190476190476191,55,29,26,0.6071428571428571,0,0,0,0,1,1,0,0,0.6,1.0,4,-16,-29,-0.14285714285714285,0.09656084656084662,1
1996-03-05,Arsenal,Man City,3,1,H,28,45,51,3,0.30952380952380953,36,26,10,0.42857142857142855,28,26,49,-11,0.2857142857142857,20,40,-20,0.21428571428571427,0,0,0,0,0,0,0,0,0.4,0.2,19,2,14,0.023809523809523836,0.21428571428571427,30
1996-03-06,Aston Villa,Sheffield Weds,3,2,H,28,49,48,-5,0.2619047619047619,39,24,15,0.5,28,29,51,-8,0.30952380952380953,37,46,-9,0.25,0,0,0,0,0,0,1,0,0.6,0.2,20,-3,3,-0.047619047619047616,0.25,24
1996-03-06,QPR,Leeds,1,2,A,28,22,60,2,0.4047619047619048,23,42,-19,0.21428571428571427,26,35,73,21,0.4761904761904762,31,38,-7,0.38461538461538464,0,0,0,0,0,0,1,0,0.2,0.2,-13,-13,-19,-0.0714285714285714,-0.17032967032967036,-12
1996-03-09,Aston Villa,QPR,4,2,H,29,52,48,-5,0.2619047619047619,42,26,16,0.5172413793103449,29,22,60,2,0.4047619047619048,24,44,-20,0.20689655172413793,0,0,0,0,0,0,0,0,0.6,0.2,30,-12,-7,-0.1428571428571429,0.31034482758620696,36
1996-03-09,Everton,Coventry,2,2,D,29,46,50,-7,0.2619047619047619,44,30,14,0.4482758620689655,28,26,50,-18,0.2857142857142857,35,51,-16,0.17857142857142858,0,0,0,0,0,0,0,0,0.6,0.2,20,0,11,-0.02380952380952378,0.2697044334975369,30
1996-03-09,West Ham,Middlesbrough,2,0,H,29,39,50,-4,0.30952380952380953,33,39,-6,0.3793103448275862,29,34,-1,-1,0.0,28,39,-11,0.3103448275862069,0,0,0,0,0,0,0,0,0.6,0.0,5,51,-3,0.30952380952380953,0.06896551724137928,5
1996-03-12,Chelsea,Man City,1,1,D,29,43,54,-5,0.30952380952380953,35,31,4,0.3793103448275862,29,26,49,-11,0.2857142857142857,21,43,-22,0.20689655172413793,0,0,0,0,0,0,0,0,0.4,0.2,17,5,6,0.023809523809523836,0.17241379310344826,26
1996-03-13,Blackburn,Leeds,1,0,H,29,42,89,41,0.6428571428571429,43,34,9,0.41379310344827586,27,38,73,21,0.4761904761904762,33,39,-6,0.4074074074074074,0,0,0,0,0,0,0,0,0.2,0.2,4,16,20,0.16666666666666669,0.0063856960408684715,15
1996-03-13,Liverpool,Wimbledon,2,2,D,28,55,74,28,0.5,56,24,32,0.5714285714285714,28,26,56,-17,0.35714285714285715,40,56,-16,0.21428571428571427,1,0,0,0,0,0,0,0,0.8,0.2,29,18,45,0.14285714285714285,0.3571428571428571,48
1996-03-16,Coventry,Bolton,0,2,A,29,27,50,-18,0.2857142857142857,37,53,-16,0.1724137931034483,29,19,-1,-1,0.0,29,58,-29,0.1724137931034483,0,0,0,0,0,0,0,0,0.2,0.4,8,51,-17,0.2857142857142857,0.0,13
1996-03-16,Liverpool,Chelsea,2,0,H,29,56,74,28,0.5,58,26,32,0.5517241379310345,30,44,54,-5,0.30952380952380953,36,32,4,0.36666666666666664,0,0,0,0,0,0,0,0,0.6,0.2,12,20,33,0.19047619047619047,0.18505747126436783,28
1996-03-16,Man City,Southampton,2,1,H,30,27,49,-11,0.2857142857142857,22,44,-22,0.2,27,25,54,-2,0.2857142857142857,27,40,-13,0.18518518518518517,0,0,0,0,0,0,0,0,0.0,0.2,2,-5,-9,0.0,0.014814814814814836,-9
1996-03-16,Middlesbrough,Nott'm Forest,1,1,D,30,34,-1,-1,0.0,28,41,-13,0.3,28,43,77,29,0.5238095238095238,38,39,-1,0.39285714285714285,0,0,0,0,0,0,0,0,0.0,0.4,-9,-78,-30,-0.5238095238095238,-0.09285714285714286,-12
1996-03-16,QPR,Man United,1,1,D,30,22,60,2,0.4047619047619048,26,48,-22,0.2,29,60,88,49,0.6190476190476191,56,29,27,0.6206896551724138,0,0,0,0,1,1,0,0,0.2,1.0,-38,-28,-47,-0.21428571428571425,-0.4206896551724138,-49
1996-03-16,Sheffield Weds,Aston Villa,2,0,H,29,29,51,-8,0.30952380952380953,39,49,-10,0.2413793103448276,30,55,48,-5,0.2619047619047619,46,28,18,0.5333333333333333,0,0,1,0,0,0,0,0,0.2,0.6,-26,3,-3,0.047619047619047616,-0.2919540229885057,-28
1996-03-16,Tottenham,Blackburn,2,3,A,28,48,62,8,0.3809523809523809,35,25,10,0.4642857142857143,30,45,89,41,0.6428571428571429,44,34,10,0.43333333333333335,0,0,0,0,0,0,0,0,0.4,0.2,3,-27,-33,-0.26190476190476203,0.030952380952380953,0
1996-03-16,Wimbledon,Arsenal,0,3,A,29,27,56,-17,0.35714285714285715,42,58,-16,0.20689655172413793,29,48,51,3,0.30952380952380953,39,27,12,0.4482758620689655,0,0,0,0,0,0,0,0,0.0,0.6,-21,5,-20,0.047619047619047616,-0.2413793103448276,-28
1996-03-17,Leeds,Everton,2,2,D,28,38,73,21,0.4761904761904762,33,40,-7,0.39285714285714285,30,47,50,-7,0.2619047619047619,46,32,14,0.43333333333333335,0,0,0,0,0,0,0,0,0.2,0.6,-9,23,28,0.2142857142857143,-0.0404761904761905,-21
1996-03-18,Newcastle,West Ham,3,0,H,28,61,72,20,0.4761904761904762,52,26,26,0.6785714285714286,30,42,50,-4,0.30952380952380953,35,39,-4,0.4,0,0,0,0,0,0,0,0,0.4,0.6,19,22,24,0.16666666666666669,0.2785714285714286,30
1996-03-19,Aston Villa,Middlesbrough,0,0,D,31,55,48,-5,0.2619047619047619,46,30,16,0.5161290322580645,31,35,-1,-1,0.0,29,42,-13,0.2903225806451613,0,0,0,0,0,0,0,0,0.6,0.0,20,49,-4,0.2619047619047619,0.2258064516129032,29
1996-03-20,Bolton,Tottenham,2,3,A,30,22,-1,-1,0.0,31,58,-27,0.2,29,48,62,8,0.3809523809523809,37,28,9,0.4482758620689655,0,0,0,0,0,0,0,0,0.6,0.4,-26,-63,-9,-0.3809523809523809,-0.2482758620689655,-36
1996-03-20,Man United,Arsenal,1,0,H,30,61,88,49,0.6190476190476191,57,30,27,0.6,30,51,51,3,0.30952380952380953,42,27,15,0.4666666666666667,0,0,0,0,0,0,0,0,0.8,0.8,10,37,46,0.30952380952380953,0.1333333333333333,12
1996-03-20,Southampton,Sheffield Weds,0,1,A,28,25,54,-2,0.2857142857142857,28,42,-14,0.17857142857142858,30,32,51,-8,0.30952380952380953,41,49,-8,0.26666666666666666,0,0,1,0,0,0,0,0,0.0,0.2,-7,3,6,-0.023809523809523836,-0.08809523809523809,-6
1996-03-23,Arsenal,Newcastle,2,0,H,31,51,51,3,0.30952380952380953,42,28,14,0.45161290322580644,29,64,72,20,0.4761904761904762,55,26,29,0.6896551724137931,0,0,0,0,0,0,0,0,0.6,0.4,-13,-21,-17,-0.16666666666666669,-0.2380422691879867,-15
1996-03-23,Bolton,Sheffield Weds,2,1,H,31,22,-1,-1,0.0,33,61,-28,0.1935483870967742,31,35,51,-8,0.30952380952380953,42,49,-7,0.2903225806451613,0,0,0,0,0,0,0,0,0.6,0.4,-13,-52,7,-0.30952380952380953,-0.09677419354838712,-21
1996-03-23,Chelsea,QPR,1,1,D,31,44,54,-5,0.30952380952380953,36,34,2,0.3548387096774194,31,23,60,2,0.4047619047619048,27,49,-22,0.1935483870967742,0,0,0,0,0,0,0,0,0.2,0.2,21,-6,-7,-0.09523809523809529,0.16129032258064518,24
1996-03-23,Everton,Wimbledon,2,4,A,31,48,50,-7,0.2619047619047619,48,34,14,0.41935483870967744,30,27,56,-17,0.35714285714285715,42,61,-19,0.2,0,0,0,0,0,0,0,0,0.4,0.0,21,-6,10,-0.09523809523809523,0.21935483870967742,33
1996-03-23,Nott'm Forest,Liverpool,1,0,H,29,44,77,29,0.5238095238095238,39,40,-1,0.3793103448275862,30,59,74,28,0.5,60,26,34,0.5666666666666667,0,0,0,0,0,0,0,0,0.2,0.8,-15,3,1,0.023809523809523836,-0.18735632183908046,-35
1996-03-23,West Ham,Man City,4,2,H,31,42,50,-4,0.30952380952380953,35,42,-7,0.3870967741935484,31,30,49,-11,0.2857142857142857,24,45,-21,0.22580645161290322,0,0,0,0,0,0,0,0,0.4,0.2,12,1,7,0.023809523809523836,0.16129032258064516,14
1996-03-24,Man United,Tottenham,1,0,H,31,64,88,49,0.6190476190476191,58,30,28,0.6129032258064516,30,51,62,8,0.3809523809523809,40,30,10,0.4666666666666667,0,0,0,0,0,0,0,0,0.8,0.6,13,26,41,0.2380952380952382,0.14623655913978495,18
1996-03-25,Southampton,Coventry,1,0,H,29,25,54,-2,0.2857142857142857,28,43,-15,0.1724137931034483,30,27,50,-18,0.2857142857142857,37,55,-18,0.16666666666666666,0,0,1,0,0,0,0,0,0.0,0.2,-2,4,16,0.0,0.00574712643678163,3
1996-03-30,Blackburn,Everton,0,3,A,31,48,89,41,0.6428571428571429,47,36,11,0.45161290322580644,32,48,50,-7,0.2619047619047619,50,38,12,0.40625,0,0,0,0,0,0,0,0,0.4,0.4,0,39,48,0.380952380952381,0.04536290322580644,-1
1996-03-30,Bolton,Man City,1,1,D,32,25,-1,-1,0.0,35,62,-27,0.21875,32,30,49,-11,0.2857142857142857,26,49,-23,0.21875,0,0,0,0,0,0,0,0,0.6,0.2,-5,-50,10,-0.2857142857142857,0.0,-4
1996-03-30,Leeds,Middlesbrough,0,1,A,29,39,73,21,0.4761904761904762,35,42,-7,0.3793103448275862,32,36,-1,-1,0.0,29,42,-13,0.28125,0,0,0,0,0,0,0,0,0.2,0.0,3,74,22,0.4761904761904762,0.09806034482758619,6
1996-03-30,QPR,Southampton,3,0,H,32,24,60,2,0.4047619047619048,28,50,-22,0.1875,30,28,54,-2,0.2857142857142857,29,43,-14,0.2,0,0,0,0,0,0,0,0,0.0,0.2,-4,6,4,0.11904761904761912,-0.012500000000000011,-8
1996-03-30,Tottenham,Coventry,3,1,H,31,51,62,8,0.3809523809523809,40,31,9,0.45161290322580644,31,27,50,-18,0.2857142857142857,37,56,-19,0.16129032258064516,0,0,0,0,0,0,0,0,0.6,0.0,24,12,26,0.09523809523809518,0.29032258064516125,28
1996-03-30,Wimbledon,Nott'm Forest,1,0,H,31,30,56,-17,0.35714285714285715,46,63,-17,0.22580645161290322,30,47,77,29,0.5238095238095238,40,40,0,0.4,0,0,0,0,0,0,0,0,0.2,0.4,-17,-21,-46,-0.16666666666666669,-0.1741935483870968,-17
1996-04-03,Leeds,Southampton,1,0,H,30,39,73,21,0.4761904761904762,35,43,-8,0.36666666666666664,31,28,54,-2,0.2857142857142857,29,46,-17,0.1935483870967742,0,0,0,0,0,0,0,0,0.2,0.2,11,19,23,0.19047619047619052,0.17311827956989245,9
1996-04-03,Liverpool,Newcastle,4,3,H,31,59,74,28,0.5,60,27,33,0.5483870967741935,30,64,72,20,0.4761904761904762,55,28,27,0.6666666666666666,0,0,0,0,0,0,0,0,0.6,0.2,-5,2,8,0.02380952380952378,-0.11827956989247312,6
1996-04-05,Middlesbrough,Sheffield Weds,3,1,H,33,39,-1,-1,0.0,30,42,-12,0.30303030303030304,32,35,51,-8,0.30952380952380953,43,51,-8,0.28125,0,0,0,0,0,0,0,0,0.2,0.4,4,-52,7,-0.30952380952380953,0.02178030303030304,-4
1996-04-06,Arsenal,Leeds,2,1,H,32,54,51,3,0.30952380952380953,44,28,16,0.46875,31,42,73,21,0.4761904761904762,36,43,-7,0.3870967741935484,0,0,0,0,0,0,0,0,0.6,0.4,12,-22,-18,-0.16666666666666669,0.08165322580645162,23
1996-04-06,Chelsea,Aston Villa,1,2,A,32,45,54,-5,0.30952380952380953,37,35,2,0.34375,32,56,48,-5,0.2619047619047619,46,30,16,0.5,0,0,0,0,0,0,0,0,0.2,0.4,-11,6,0,0.047619047619047616,-0.15625,-14
1996-04-06,Coventry,Liverpool,1,0,H,32,27,50,-18,0.2857142857142857,38,59,-21,0.15625,32,62,74,28,0.5,64,30,34,0.5625,0,0,1,0,0,0,0,0,0.0,0.6,-35,-24,-46,-0.2142857142857143,-0.40625,-55
1996-04-06,Everton,Bolton,3,0,H,33,51,50,-7,0.2619047619047619,53,38,15,0.42424242424242425,33,26,-1,-1,0.0,36,63,-27,0.21212121212121213,0,0,0,0,0,0,0,0,0.4,0.6,25,51,-6,0.2619047619047619,0.21212121212121213,42
1996-04-06,Man City,Man United,2,3,A,33,31,49,-11,0.2857142857142857,27,50,-23,0.21212121212121213,32,67,88,49,0.6190476190476191,59,30,29,0.625,0,0,0,0,0,0,0,0,0.2,0.8,-36,-39,-60,-0.33333333333333337,-0.41287878787878785,-52
1996-04-06,Newcastle,QPR,2,1,H,31,64,72,20,0.4761904761904762,58,32,26,0.6451612903225806,33,27,60,2,0.4047619047619048,31,50,-19,0.21212121212121213,0,0,0,0,0,0,0,0,0.2,0.2,37,12,18,0.0714285714285714,0.4330400782013685,45
1996-04-06,Nott'm Forest,Tottenham,2,1,H,31,47,77,29,0.5238095238095238,40,41,-1,0.3870967741935484,32,54,62,8,0.3809523809523809,43,32,11,0.46875,0,0,0,0,0,0,0,0,0.4,0.6,-7,15,21,0.14285714285714296,-0.08165322580645162,-12
1996-04-06,Southampton,Blackburn,1,0,H,32,28,54,-2,0.2857142857142857,29,47,-18,0.1875,32,48,89,41,0.6428571428571429,47,39,8,0.4375,0,0,0,0,0,0,0,0,0.2,0.4,-20,-35,-43,-0.3571428571428572,-0.25,-26
1996-04-06,West Ham,Wimbledon,1,1,D,32,45,50,-4,0.30952380952380953,39,44,-5,0.40625,32,33,56,-17,0.35714285714285715,47,63,-16,0.25,0,0,0,0,0,0,0,0,0.4,0.4,12,-6,13,-0.047619047619047616,0.15625,11
1996-04-08,Aston Villa,Southampton,3,0,H,33,59,48,-5,0.2619047619047619,48,31,17,0.5151515151515151,33,31,54,-2,0.2857142857142857,30,47,-17,0.21212121212121213,0,0,0,0,0,0,0,0,0.6,0.4,28,-6,-3,-0.02380952380952378,0.303030303030303,34
1996-04-08,Blackburn,Newcastle,2,1,H,33,48,89,41,0.6428571428571429,47,40,7,0.42424242424242425,32,67,72,20,0.4761904761904762,60,33,27,0.65625,0,0,0,0,0,0,0,0,0.4,0.4,-19,17,21,0.16666666666666669,-0.23200757575757575,-20
1996-04-08,Bolton,Chelsea,2,1,H,34,26,-1,-1,0.0,36,66,-30,0.20588235294117646,33,45,54,-5,0.30952380952380953,38,37,1,0.3333333333333333,0,0,0,0,0,0,0,0,0.4,0.0,-19,-55,4,-0.30952380952380953,-0.12745098039215685,-31
1996-04-08,Leeds,Nott'm Forest,1,3,A,32,42,73,21,0.4761904761904762,37,45,-8,0.375,32,50,77,29,0.5238095238095238,42,42,0,0.40625,0,0,0,0,0,0,0,0,0.2,0.6,-8,-4,-8,-0.047619047619047616,-0.03125,-8
1996-04-08,Liverpool,West Ham,2,0,H,33,62,74,28,0.5,64,31,33,0.5454545454545454,33,46,50,-4,0.30952380952380953,40,45,-5,0.3939393939393939,0,0,0,0,0,0,0,0,0.4,0.4,16,24,32,0.19047619047619047,0.1515151515151515,38
1996-04-08,Man United,Coventry,1,0,H,33,70,88,49,0.6190476190476191,62,32,30,0.6363636363636364,33,30,50,-18,0.2857142857142857,39,59,-20,0.18181818181818182,1,0,0,0,0,0,0,0,0.8,0.2,40,38,67,0.33333333333333337,0.45454545454545453,50
1996-04-08,QPR,Everton,3,1,H,34,27,60,2,0.4047619047619048,32,52,-20,0.20588235294117646,34,54,50,-7,0.2619047619047619,56,38,18,0.4411764705882353,0,0,0,0,0,0,0,0,0.2,0.4,-27,10,9,0.1428571428571429,-0.23529411764705882,-38
1996-04-08,Sheffield Weds,Arsenal,1,0,H,33,35,51,-8,0.30952380952380953,44,54,-10,0.2727272727272727,33,57,51,3,0.30952380952380953,46,29,17,0.48484848484848486,0,0,0,0,0,0,0,0,0.4,0.8,-22,0,-11,0.0,-0.21212121212121215,-27
1996-04-08,Tottenham,Middlesbrough,1,1,D,33,54,62,8,0.3809523809523809,44,34,10,0.45454545454545453,34,42,-1,-1,0.0,33,43,-10,0.3235294117647059,0,0,0,0,0,0,0,0,0.4,0.4,12,63,9,0.3809523809523809,0.13101604278074863,20
1996-04-08,Wimbledon,Man City,3,0,H,33,34,56,-17,0.35714285714285715,48,64,-16,0.24242424242424243,34,31,49,-11,0.2857142857142857,29,53,-24,0.20588235294117646,0,0,0,0,0,0,0,0,0.4,0.2,3,7,-6,0.07142857142857145,0.03654188948306597,8
1996-04-13,Chelsea,Leeds,4,1,H,34,45,54,-5,0.30952380952380953,39,39,0,0.3235294117647059,33,42,73,21,0.4761904761904762,38,48,-10,0.36363636363636365,0,0,0,0,0,0,0,0,0.0,0.2,3,-19,-26,-0.16666666666666669,-0.04010695187165775,10
1996-04-13,Coventry,QPR,1,0,H,34,30,50,-18,0.2857142857142857,39,60,-21,0.17647058823529413,35,30,60,2,0.4047619047619048,35,53,-18,0.22857142857142856,0,0,0,0,0,0,0,0,0.2,0.4,0,-10,-20,-0.11904761904761912,-0.052100840336134435,-3
1996-04-13,Man City,Sheffield Weds,1,0,H,35,31,49,-11,0.2857142857142857,29,56,-27,0.2,34,38,51,-8,0.30952380952380953,45,54,-9,0.29411764705882354,0,0,0,0,0,0,0,0,0.2,0.6,-7,-2,-3,-0.023809523809523836,-0.09411764705882353,-18
1996-04-13,Middlesbrough,Wimbledon,1,2,A,35,43,-1,-1,0.0,34,44,-10,0.3142857142857143,34,37,56,-17,0.35714285714285715,51,64,-13,0.2647058823529412,0,0,0,0,0,0,0,0,0.4,0.6,6,-57,16,-0.35714285714285715,0.0495798319327731,3
1996-04-13,Nott'm Forest,Blackburn,1,5,A,33,53,77,29,0.5238095238095238,45,43,2,0.42424242424242425,34,51,89,41,0.6428571428571429,49,41,8,0.4411764705882353,0,0,0,0,0,0,0,0,0.6,0.6,2,-12,-12,-0.11904761904761907,-0.016934046345811027,-6
1996-04-13,Southampton,Man United,3,1,H,34,31,54,-2,0.2857142857142857,30,50,-20,0.20588235294117646,34,73,88,49,0.6190476190476191,63,32,31,0.6470588235294118,0,0,0,0,1,0,0,0,0.4,0.8,-42,-34,-51,-0.33333333333333337,-0.44117647058823534,-51
1996-04-13,West Ham,Bolton,1,0,H,34,46,50,-4,0.30952380952380953,40,47,-7,0.38235294117647056,35,29,-1,-1,0.0,38,67,-29,0.22857142857142856,0,0,0,0,0,0,0,0,0.4,0.4,17,51,-3,0.30952380952380953,0.153781512605042,22
1996-04-14,Newcastle,Aston Villa,1,0,H,33,67,72,20,0.4761904761904762,61,35,26,0.6363636363636364,34,62,48,-5,0.2619047619047619,51,31,20,0.5294117647058824,0,0,0,0,0,0,0,0,0.4,0.6,5,24,25,0.2142857142857143,0.106951871657754,6
1996-04-15,Arsenal,Tottenham,0,0,D,34,57,51,3,0.30952380952380953,46,30,16,0.47058823529411764,34,55,62,8,0.3809523809523809,45,35,10,0.4411764705882353,0,0,0,0,0,0,0,0,0.6,0.4,2,-11,-5,-0.07142857142857134,0.02941176470588236,6
1996-04-16,Everton,Liverpool,1,1,D,35,54,50,-7,0.2619047619047619,57,41,16,0.42857142857142855,34,65,74,28,0.5,66,31,35,0.5588235294117647,0,0,0,0,0,0,0,0,0.4,0.6,-11,-24,-35,-0.23809523809523808,-0.13025210084033617,-19
1996-04-17,Aston Villa,West Ham,1,1,D,35,62,48,-5,0.2619047619047619,51,32,19,0.5142857142857142,35,49,50,-4,0.30952380952380953,41,47,-6,0.4,0,0,0,0,0,0,0,0,0.4,0.4,13,-2,-1,-0.047619047619047616,0.11428571428571421,25
1996-04-17,Blackburn,Wimbledon,3,2,H,35,54,89,41,0.6428571428571429,54,42,12,0.45714285714285713,35,40,56,-17,0.35714285714285715,53,65,-12,0.2857142857142857,0,0,0,0,0,0,0,0,0.6,0.8,14,33,58,0.28571428571428575,0.17142857142857143,24
1996-04-17,Man United,Leeds,1,0,H,35,73,88,49,0.6190476190476191,64,35,29,0.6285714285714286,34,42,73,21,0.4761904761904762,39,52,-13,0.35294117647058826,0,0,0,0,0,0,1,0,0.8,0.2,31,15,28,0.14285714285714285,0.2756302521008403,42
1996-04-17,Newcastle,Southampton,1,0,H,34,70,72,20,0.4761904761904762,62,35,27,0.6470588235294118,35,34,54,-2,0.2857142857142857,33,51,-18,0.22857142857142856,0,0,0,0,0,0,0,0,0.4,0.4,36,18,22,0.19047619047619052,0.41848739495798326,45
1996-04-17,Nott'm Forest,Coventry,0,0,D,34,53,77,29,0.5238095238095238,46,48,-2,0.4117647058823529,35,33,50,-18,0.2857142857142857,40,60,-20,0.2,0,0,0,0,0,0,0,0,0.6,0.4,20,27,47,0.23809523809523814,0.2117647058823529,18
1996-04-17,Sheffield Weds,Chelsea,0,0,D,35,38,51,-8,0.30952380952380953,45,55,-10,0.2857142857142857,35,48,54,-5,0.30952380952380953,43,40,3,0.34285714285714286,0,0,0,0,0,0,0,0,0.4,0.2,-10,-3,-3,0.0,-0.05714285714285716,-13
1996-04-27,Aston Villa,Man City,0,1,A,36,63,48,-5,0.2619047619047619,52,33,19,0.5,36,34,49,-11,0.2857142857142857,30,56,-26,0.2222222222222222,0,0,0,0,0,0,0,0,0.4,0.2,29,-1,6,-0.02380952380952378,0.2777777777777778,45
1996-04-27,Blackburn,Arsenal,1,1,D,36,57,89,41,0.6428571428571429,57,44,13,0.4722222222222222,35,58,51,3,0.30952380952380953,46,30,16,0.45714285714285713,1,0,0,0,0,0,0,0,0.6,0.4,-1,38,38,0.33333333333333337,0.015079365079365081,-3
1996-04-27,Bolton,Southampton,0,1,A,36,29,-1,-1,0.0,38,68,-30,0.2222222222222222,36,34,54,-2,0.2857142857142857,33,52,-19,0.2222222222222222,0,0,0,0,0,0,0,0,0.4,0.4,-5,-55,1,-0.2857142857142857,0.0,-11
1996-04-27,Liverpool,Middlesbrough,1,0,H,35,66,74,28,0.5,67,32,35,0.5428571428571428,36,43,-1,-1,0.0,35,46,-11,0.3055555555555556,0,0,0,0,0,0,0,0,0.4,0.4,23,75,29,0.5,0.23730158730158724,46
1996-04-27,QPR,West Ham,3,0,H,36,30,60,2,0.4047619047619048,35,54,-19,0.2222222222222222,36,50,50,-4,0.30952380952380953,42,48,-6,0.3888888888888889,0,0,0,0,0,0,0,0,0.4,0.4,-20,10,6,0.09523809523809529,-0.16666666666666669,-13
1996-04-27,Sheffield Weds,Everton,2,5,A,36,39,51,-8,0.30952380952380953,45,55,-10,0.2777777777777778,36,55,50,-7,0.2619047619047619,58,42,16,0.4166666666666667,0,0,0,0,0,0,0,0,0.2,0.4,-16,1,-1,0.047619047619047616,-0.1388888888888889,-26
1996-04-27,Tottenham,Chelsea,1,1,D,35,56,62,8,0.3809523809523809,45,35,10,0.42857142857142855,36,49,54,-5,0.30952380952380953,43,40,3,0.3333333333333333,0,0,0,0,0,0,0,0,0.2,0.2,7,8,13,0.07142857142857134,0.09523809523809523,7
1996-04-27,Wimbledon,Coventry,0,2,A,36,40,56,-17,0.35714285714285715,55,68,-13,0.2777777777777778,36,34,50,-18,0.2857142857142857,40,60,-20,0.19444444444444445,0,0,0,0,0,0,0,0,0.6,0.4,6,6,1,0.07142857142857145,0.08333333333333334,7
1996-04-28,Man United,Nott'm Forest,5,0,H,36,76,88,49,0.6190476190476191,65,35,30,0.6388888888888888,35,54,77,29,0.5238095238095238,46,48,-2,0.4,0,0,0,0,0,0,0,0,0.8,0.4,22,11,20,0.09523809523809523,0.23888888888888882,32
1996-04-29,Leeds,Newcastle,0,1,A,35,42,73,21,0.4761904761904762,39,53,-14,0.34285714285714286,35,73,72,20,0.4761904761904762,63,35,28,0.6571428571428571,0,0,1,0,0,0,0,0,0.2,0.6,-31,1,1,0.0,-0.3142857142857143,-42
1996-05-01,Arsenal,Liverpool,0,0,D,36,59,51,3,0.30952380952380953,47,31,16,0.4444444444444444,36,69,74,28,0.5,68,32,36,0.5555555555555556,0,0,0,0,0,0,0,0,0.4,0.6,-10,-23,-25,-0.19047619047619047,-0.11111111111111116,-20
1996-05-02,Leeds,Tottenham,1,3,A,36,42,73,21,0.4761904761904762,39,54,-15,0.3333333333333333,36,57,62,8,0.3809523809523809,46,36,10,0.4166666666666667,0,0,1,1,0,0,0,0,0.0,0.2,-15,11,13,0.09523809523809534,-0.08333333333333337,-25
1996-05-02,Nott'm Forest,Newcastle,1,1,D,36,54,77,29,0.5238095238095238,46,53,-7,0.3888888888888889,36,76,72,20,0.4761904761904762,64,35,29,0.6666666666666666,0,0,0,0,1,0,0,0,0.4,0.8,-22,5,9,0.047619047619047616,-0.27777777777777773,-36
1996-05-04,Arsenal,Bolton,2,1,H,37,60,51,3,0.30952380952380953,47,31,16,0.43243243243243246,37,29,-1,-1,0.0,38,69,-31,0.21621621621621623,0,0,0,0,0,0,0,0,0.2,0.2,31,52,4,0.30952380952380953,0.21621621621621623,47
1996-05-04,Chelsea,Blackburn,2,3,A,37,50,54,-5,0.30952380952380953,44,41,3,0.32432432432432434,37,58,89,41,0.6428571428571429,58,45,13,0.4594594594594595,0,0,0,0,0,0,0,0,0.2,0.6,-8,-35,-46,-0.33333333333333337,-0.13513513513513514,-10
1996-05-04,Coventry,Leeds,0,0,D,37,37,50,-18,0.2857142857142857,42,60,-18,0.21621621621621623,37,42,73,21,0.4761904761904762,40,57,-17,0.32432432432432434,0,0,0,0,0,0,1,1,0.6,0.0,-5,-23,-39,-0.19047619047619052,-0.10810810810810811,-1
1996-05-04,Everton,Aston Villa,1,0,H,37,58,50,-7,0.2619047619047619,63,44,19,0.43243243243243246,37,63,48,-5,0.2619047619047619,52,34,18,0.4864864864864865,0,0,0,0,0,0,0,0,0.6,0.4,-5,2,-2,0.0,-0.05405405405405406,1
1996-05-04,Man City,Liverpool,2,2,D,37,37,49,-11,0.2857142857142857,31,56,-25,0.24324324324324326,37,70,74,28,0.5,68,32,36,0.5405405405405406,0,0,0,0,0,0,0,0,0.4,0.4,-33,-25,-39,-0.2142857142857143,-0.2972972972972973,-61
1996-05-04,Middlesbrough,Man United,0,3,A,37,43,-1,-1,0.0,35,47,-12,0.2972972972972973,37,79,88,49,0.6190476190476191,70,35,35,0.6486486486486487,0,0,0,0,0,0,0,0,0.4,0.8,-36,-89,-50,-0.6190476190476191,-0.35135135135135137,-47
1996-05-04,Newcastle,Tottenham,1,1,D,37,77,72,20,0.4761904761904762,65,36,29,0.6486486486486487,37,60,62,8,0.3809523809523809,49,37,12,0.43243243243243246,0,0,0,0,0,0,0,0,0.6,0.2,17,10,12,0.09523809523809534,0.21621621621621623,17
1996-05-04,Nott'm Forest,QPR,3,0,H,37,55,77,29,0.5238095238095238,47,54,-7,0.3783783783783784,37,33,60,2,0.4047619047619048,38,54,-16,0.24324324324324326,0,0,0,0,0,0,0,0,0.2,0.6,22,17,27,0.11904761904761901,0.13513513513513514,9
1996-05-04,Southampton,Wimbledon,0,0,D,37,37,54,-2,0.2857142857142857,34,52,-18,0.24324324324324326,37,40,56,-17,0.35714285714285715,55,70,-15,0.2702702702702703,0,0,0,0,0,0,0,0,0.6,0.4,-3,-2,15,-0.07142857142857145,-0.02702702702702703,-3
1996-05-04,West Ham,Sheffield Weds,1,1,D,37,50,50,-4,0.30952380952380953,42,51,-9,0.3783783783783784,37,39,51,-8,0.30952380952380953,47,60,-13,0.2702702702702703,0,0,0,0,0,0,0,0,0.2,0.2,11,-1,4,0.0,0.10810810810810811,4
