Date,HomeTeam,AwayTeam,FTHG,FTAG,FTR,HT_match_played,HT_current_standing,HT_past_standing,HT_past_goal_diff,HT_past_win_rate,HT_goal_for,HT_goal_against,HT_goal_diff,HT_win_rate_season,AT_match_played,AT_current_standing,AT_past_standing,AT_past_goal_diff,AT_past_win_rate,AT_goal_for,AT_goal_against,AT_goal_diff,AT_win_rate_season,HT_3_win_streak,HT_5_win_streak,HT_3_lose_Streak,HT_5_lose_Streak,AT_3_win_streak,AT_5_win_streak,AT_3_lose_Streak,AT_5_lose_Streak,HT_5_win_rate,AT_5_win_rate,current_standing_diff,past_standing_diff,past_goal_diff_diff,past_win_rate_diff,win_rate_season_diff,goal_diff_diff
1998-08-15,Blackburn,Derby,0,0,D,0,0,58,5,0.42105263157894735,0,0,0,,0,0,55,3,0.42105263157894735,0,0,0,,0,0,0,0,0,0,0,0,,,0,3,2,0.0,,0
1998-08-15,Coventry,Chelsea,2,1,H,0,0,52,2,0.3157894736842105,0,0,0,,0,0,63,28,0.5263157894736842,0,0,0,,0,0,0,0,0,0,0,0,,,0,-11,-26,-0.21052631578947367,,0
1998-08-15,Everton,Aston Villa,0,0,D,0,0,40,-15,0.2368421052631579,0,0,0,,0,0,57,1,0.4473684210526316,0,0,0,,0,0,0,0,0,0,0,0,,,0,-17,-16,-0.21052631578947367,,0
1998-08-15,Man United,Leicester,2,2,D,0,0,77,47,0.6052631578947368,0,0,0,,0,0,53,10,0.34210526315789475,0,0,0,,0,0,0,0,0,0,0,0,,,0,24,37,0.2631578947368421,,0
1998-08-15,Middlesbrough,Leeds,0,0,D,0,0,-1,-1,0.0,0,0,0,,0,0,59,11,0.4473684210526316,0,0,0,,0,0,0,0,0,0,0,0,,,0,-60,-12,-0.4473684210526316,,0
1998-08-15,Newcastle,Charlton,0,0,D,0,0,44,-9,0.2894736842105263,0,0,0,,0,0,-1,-1,0.0,0,0,0,,0,0,0,0,0,0,0,0,,,0,45,-8,0.2894736842105263,,0
1998-08-15,Sheffield Weds,West Ham,0,1,A,0,0,44,-15,0.3157894736842105,0,0,0,,0,0,56,-1,0.42105263157894735,0,0,0,,0,0,0,0,0,0,0,0,,,0,-12,-14,-0.10526315789473684,,0
1998-08-15,Wimbledon,Tottenham,3,1,H,0,0,44,-12,0.2631578947368421,0,0,0,,0,0,44,-12,0.2894736842105263,0,0,0,,0,0,0,0,0,0,0,0,,,0,0,0,-0.026315789473684237,,0
1998-08-16,Southampton,Liverpool,1,2,A,0,0,48,-5,0.3684210526315789,0,0,0,,0,0,65,26,0.4736842105263158,0,0,0,,0,0,0,0,0,0,0,0,,,0,-17,-31,-0.10526315789473689,,0
1998-08-17,Arsenal,Nott'm Forest,2,1,H,0,0,78,35,0.6052631578947368,0,0,0,,0,0,-1,-1,0.0,0,0,0,,0,0,0,0,0,0,0,0,,,0,79,36,0.6052631578947368,,0
1998-08-22,Charlton,Southampton,5,0,H,1,1,-1,-1,0.0,0,0,0,0.0,1,0,48,-5,0.3684210526315789,1,2,-1,0.0,0,0,0,0,0,0,0,0,,,1,-49,4,-0.3684210526315789,0.0,1
1998-08-22,Chelsea,Newcastle,1,1,D,1,0,63,28,0.5263157894736842,1,2,-1,0.0,1,1,44,-9,0.2894736842105263,0,0,0,0.0,0,0,0,0,0,0,0,0,,,-1,19,37,0.23684210526315785,0.0,-1
1998-08-22,Derby,Wimbledon,0,0,D,1,1,55,3,0.42105263157894735,0,0,0,0.0,1,3,44,-12,0.2631578947368421,3,1,2,1.0,0,0,0,0,0,0,0,0,,,-2,11,15,0.15789473684210525,-1.0,-2
1998-08-22,Leicester,Everton,2,0,H,1,1,53,10,0.34210526315789475,2,2,0,0.0,1,1,40,-15,0.2368421052631579,0,0,0,0.0,0,0,0,0,0,0,0,0,,,0,13,25,0.10526315789473684,0.0,0
1998-08-22,Liverpool,Arsenal,0,0,D,1,3,65,26,0.4736842105263158,2,1,1,1.0,1,3,78,35,0.6052631578947368,2,1,1,1.0,0,0,0,0,0,0,0,0,,,0,-13,-9,-0.13157894736842102,0.0,0
1998-08-22,Nott'm Forest,Coventry,1,0,H,1,0,-1,-1,0.0,1,2,-1,0.0,1,3,52,2,0.3157894736842105,2,1,1,1.0,0,0,0,0,0,0,0,0,,,-3,-53,-3,-0.3157894736842105,-1.0,-2
1998-08-22,Tottenham,Sheffield Weds,0,3,A,1,0,44,-12,0.2894736842105263,1,3,-2,0.0,1,0,44,-15,0.3157894736842105,0,1,-1,0.0,0,0,0,0,0,0,0,0,,,0,0,3,-0.02631578947368418,0.0,-1
1998-08-22,West Ham,Man United,0,0,D,1,3,56,-1,0.42105263157894735,1,0,1,1.0,1,1,77,47,0.6052631578947368,2,2,0,0.0,0,0,0,0,0,0,0,0,,,2,-21,-48,-0.1842105263157895,1.0,1
1998-08-23,Aston Villa,Middlesbrough,3,1,H,1,1,57,1,0.4473684210526316,0,0,0,0.0,1,1,-1,-1,0.0,0,0,0,0.0,0,0,0,0,0,0,0,0,,,0,58,2,0.4473684210526316,0.0,0
1998-08-24,Leeds,Blackburn,1,0,H,1,1,59,11,0.4473684210526316,0,0,0,0.0,1,1,58,5,0.42105263157894735,0,0,0,0.0,0,0,0,0,0,0,0,0,,,0,1,6,0.026315789473684237,0.0,0
1998-08-29,Arsenal,Charlton,0,0,D,2,4,78,35,0.6052631578947368,2,1,1,0.5,2,4,-1,-1,0.0,5,0,5,0.5,0,0,0,0,0,0,0,0,,,0,79,36,0.6052631578947368,0.0,-4
1998-08-29,Blackburn,Leicester,1,0,H,2,1,58,5,0.42105263157894735,0,1,-1,0.0,2,4,53,10,0.34210526315789475,4,2,2,0.5,0,0,0,0,0,0,0,0,,,-3,5,-5,0.0789473684210526,-0.5,-3
1998-08-29,Coventry,West Ham,0,0,D,2,3,52,2,0.3157894736842105,2,2,0,0.5,2,4,56,-1,0.42105263157894735,1,0,1,0.5,0,0,0,0,0,0,0,0,,,-1,-4,3,-0.10526315789473684,0.0,-1
1998-08-29,Everton,Tottenham,0,1,A,2,1,40,-15,0.2368421052631579,0,2,-2,0.0,2,0,44,-12,0.2894736842105263,1,6,-5,0.0,0,0,0,0,0,0,0,0,,,1,-4,-3,-0.05263157894736842,0.0,3
1998-08-29,Middlesbrough,Derby,1,1,D,2,1,-1,-1,0.0,1,3,-2,0.0,2,2,55,3,0.42105263157894735,0,0,0,0.0,0,0,0,0,0,0,0,0,,,-1,-56,-4,-0.42105263157894735,0.0,-2
1998-08-29,Sheffield Weds,Aston Villa,0,1,A,2,3,44,-15,0.3157894736842105,3,1,2,0.5,2,4,57,1,0.4473684210526316,3,1,2,0.5,0,0,0,0,0,0,0,0,,,-1,-13,-16,-0.13157894736842107,0.0,0
1998-08-29,Southampton,Nott'm Forest,1,2,A,2,0,48,-5,0.3684210526315789,1,7,-6,0.0,2,3,-1,-1,0.0,2,2,0,0.5,0,0,0,0,0,0,0,0,,,-3,49,-4,0.3684210526315789,-0.5,-6
1998-08-29,Wimbledon,Leeds,1,1,D,2,4,44,-12,0.2631578947368421,3,1,2,0.5,2,4,59,11,0.4473684210526316,1,0,1,0.5,0,0,0,0,0,0,0,0,,,0,-15,-23,-0.1842105263157895,0.0,1
1998-08-30,Newcastle,Liverpool,1,4,A,2,2,44,-9,0.2894736842105263,1,1,0,0.0,2,4,65,26,0.4736842105263158,2,1,1,0.5,0,0,0,0,0,0,0,0,,,-2,-21,-35,-0.1842105263157895,-0.5,-1
1998-09-08,Leeds,Southampton,3,0,H,3,5,59,11,0.4473684210526316,2,1,1,0.3333333333333333,3,0,48,-5,0.3684210526315789,2,9,-7,0.0,0,0,0,0,0,0,0,0,,,5,11,16,0.07894736842105265,0.3333333333333333,8
1998-09-08,Nott'm Forest,Everton,0,2,A,3,6,-1,-1,0.0,4,3,1,0.6666666666666666,3,1,40,-15,0.2368421052631579,0,3,-3,0.0,0,0,0,0,0,0,0,0,,,5,-41,14,-0.2368421052631579,0.6666666666666666,4
1998-09-09,Aston Villa,Newcastle,1,0,H,3,7,57,1,0.4473684210526316,4,1,3,0.6666666666666666,3,2,44,-9,0.2894736842105263,2,5,-3,0.0,0,0,0,0,0,0,0,0,,,5,13,10,0.15789473684210525,0.6666666666666666,6
1998-09-09,Chelsea,Arsenal,0,0,D,2,1,63,28,0.5263157894736842,2,3,-1,0.0,3,5,78,35,0.6052631578947368,2,1,1,0.3333333333333333,0,0,0,0,0,0,0,0,,,-4,-15,-7,-0.07894736842105265,-0.3333333333333333,-2
1998-09-09,Derby,Sheffield Weds,1,0,H,3,3,55,3,0.42105263157894735,1,1,0,0.0,3,3,44,-15,0.3157894736842105,3,2,1,0.3333333333333333,0,0,0,0,0,0,0,0,,,0,11,18,0.10526315789473684,-0.3333333333333333,-1
1998-09-09,Leicester,Middlesbrough,0,1,A,3,4,53,10,0.34210526315789475,4,3,1,0.3333333333333333,3,2,-1,-1,0.0,2,4,-2,0.0,0,0,0,0,0,0,0,0,,,2,54,11,0.34210526315789475,0.3333333333333333,3
1998-09-09,Liverpool,Coventry,2,0,H,3,7,65,26,0.4736842105263158,6,2,4,0.6666666666666666,3,4,52,2,0.3157894736842105,2,2,0,0.3333333333333333,0,0,0,0,0,0,0,0,,,3,13,24,0.1578947368421053,0.3333333333333333,4
1998-09-09,Man United,Charlton,4,1,H,2,2,77,47,0.6052631578947368,2,2,0,0.0,3,5,-1,-1,0.0,5,0,5,0.3333333333333333,0,0,0,0,0,0,0,0,,,-3,78,48,0.6052631578947368,-0.3333333333333333,-5
1998-09-09,Tottenham,Blackburn,2,1,H,3,3,44,-12,0.2894736842105263,2,6,-4,0.3333333333333333,3,4,58,5,0.42105263157894735,1,1,0,0.3333333333333333,0,0,0,0,0,0,0,0,,,-1,-14,-17,-0.13157894736842102,0.0,-4
1998-09-09,West Ham,Wimbledon,3,4,A,3,5,56,-1,0.42105263157894735,1,0,1,0.3333333333333333,3,5,44,-12,0.2631578947368421,4,2,2,0.3333333333333333,0,0,0,0,0,0,0,0,,,0,12,11,0.15789473684210525,0.0,-1
1998-09-12,Aston Villa,Wimbledon,2,0,H,4,10,57,1,0.4473684210526316,5,1,4,0.75,4,8,44,-12,0.2631578947368421,8,5,3,0.5,1,0,0,0,0,0,0,0,,,2,13,13,0.1842105263157895,0.25,1
1998-09-12,Charlton,Derby,1,2,A,4,5,-1,-1,0.0,6,4,2,0.25,4,6,55,3,0.42105263157894735,2,1,1,0.25,0,0,0,0,0,0,0,0,,,-1,-56,-4,-0.42105263157894735,0.0,1
1998-09-12,Chelsea,Nott'm Forest,2,1,H,3,2,63,28,0.5263157894736842,2,3,-1,0.0,4,6,-1,-1,0.0,4,5,-1,0.5,0,0,0,0,0,0,0,0,,,-4,64,29,0.5263157894736842,-0.5,0
1998-09-12,Everton,Leeds,0,0,D,4,4,40,-15,0.2368421052631579,2,3,-1,0.25,4,8,59,11,0.4473684210526316,5,1,4,0.5,0,0,0,0,0,0,0,0,,,-4,-19,-26,-0.21052631578947367,-0.25,-5
1998-09-12,Leicester,Arsenal,1,1,D,4,4,53,10,0.34210526315789475,4,4,0,0.25,4,6,78,35,0.6052631578947368,2,1,1,0.25,0,0,0,0,0,0,0,0,,,-2,-25,-25,-0.2631578947368421,0.0,-1
1998-09-12,Man United,Coventry,2,0,H,3,5,77,47,0.6052631578947368,6,3,3,0.3333333333333333,4,4,52,2,0.3157894736842105,2,4,-2,0.25,0,0,0,0,0,0,0,0,,,1,25,45,0.2894736842105263,0.08333333333333331,5
1998-09-12,Newcastle,Southampton,4,0,H,4,2,44,-9,0.2894736842105263,2,6,-4,0.0,4,0,48,-5,0.3684210526315789,2,12,-10,0.0,0,0,0,0,0,0,1,0,,,2,-4,-4,-0.0789473684210526,0.0,6
1998-09-12,Sheffield Weds,Blackburn,3,0,H,4,3,44,-15,0.3157894736842105,3,3,0,0.25,4,4,58,5,0.42105263157894735,2,3,-1,0.25,0,0,0,0,0,0,0,0,,,-1,-14,-20,-0.10526315789473684,0.0,1
1998-09-12,West Ham,Liverpool,2,1,H,4,5,56,-1,0.42105263157894735,4,4,0,0.25,4,10,65,26,0.4736842105263158,8,2,6,0.75,0,0,0,0,0,0,0,0,,,-5,-9,-27,-0.052631578947368474,-0.5,-6
1998-09-13,Tottenham,Middlesbrough,0,3,A,4,6,44,-12,0.2894736842105263,4,7,-3,0.5,4,5,-1,-1,0.0,3,4,-1,0.25,0,0,0,0,0,0,0,0,,,1,45,-11,0.2894736842105263,0.25,-2
1998-09-19,Coventry,Newcastle,1,5,A,5,4,52,2,0.3157894736842105,2,6,-4,0.2,5,5,44,-9,0.2894736842105263,6,6,0,0.2,0,0,0,0,0,0,0,0,0.2,0.2,-1,8,11,0.02631578947368418,0.0,-4
1998-09-19,Derby,Leicester,2,0,H,5,9,55,3,0.42105263157894735,4,2,2,0.4,5,5,53,10,0.34210526315789475,5,5,0,0.2,0,0,0,0,0,0,0,0,0.4,0.2,4,2,-7,0.0789473684210526,0.2,2
1998-09-19,Leeds,Aston Villa,0,0,D,5,9,59,11,0.4473684210526316,5,1,4,0.4,5,13,57,1,0.4473684210526316,7,1,6,0.8,0,0,0,0,1,0,0,0,0.4,0.8,-4,2,10,0.0,-0.4,-2
1998-09-19,Liverpool,Charlton,3,3,D,5,10,65,26,0.4736842105263158,9,4,5,0.6,5,5,-1,-1,0.0,7,6,1,0.2,0,0,0,0,0,0,0,0,0.6,0.2,5,66,27,0.4736842105263158,0.39999999999999997,4
1998-09-19,Middlesbrough,Everton,2,2,D,5,8,-1,-1,0.0,6,4,2,0.4,5,5,40,-15,0.2368421052631579,2,3,-1,0.2,0,0,0,0,0,0,0,0,0.4,0.2,3,-41,14,-0.2368421052631579,0.2,3
1998-09-19,Nott'm Forest,West Ham,0,0,D,5,6,-1,-1,0.0,5,7,-2,0.4,5,8,56,-1,0.42105263157894735,6,5,1,0.4,0,0,0,0,0,0,0,0,0.4,0.4,-2,-57,0,-0.42105263157894735,0.0,-3
1998-09-19,Southampton,Tottenham,1,1,D,5,0,48,-5,0.3684210526315789,2,16,-14,0.0,5,6,44,-12,0.2894736842105263,4,10,-6,0.4,0,0,1,1,0,0,0,0,0.0,0.4,-6,4,7,0.0789473684210526,-0.4,-8
1998-09-19,Wimbledon,Sheffield Weds,2,1,H,5,8,44,-12,0.2631578947368421,8,7,1,0.4,5,6,44,-15,0.3157894736842105,6,3,3,0.4,0,0,0,0,0,0,0,0,0.4,0.4,2,0,3,-0.05263157894736842,0.0,-2
1998-09-20,Arsenal,Man United,3,0,H,5,7,78,35,0.6052631578947368,3,2,1,0.2,4,8,77,47,0.6052631578947368,8,3,5,0.5,0,0,0,0,0,0,0,0,0.2,,-1,1,-12,0.0,-0.3,-4
1998-09-21,Blackburn,Chelsea,3,4,A,5,4,58,5,0.42105263157894735,2,6,-4,0.2,4,5,63,28,0.5263157894736842,4,4,0,0.25,0,0,0,0,0,0,0,0,0.2,,-1,-5,-23,-0.10526315789473684,-0.04999999999999999,-4
1998-09-24,Man United,Liverpool,2,0,H,5,8,77,47,0.6052631578947368,8,6,2,0.4,6,11,65,26,0.4736842105263158,12,7,5,0.5,0,0,0,0,0,0,0,0,0.4,0.4,-3,12,21,0.13157894736842102,-0.09999999999999998,-3
1998-09-26,Aston Villa,Derby,1,0,H,6,14,57,1,0.4473684210526316,7,1,6,0.6666666666666666,6,12,55,3,0.42105263157894735,6,2,4,0.5,0,0,0,0,1,0,0,0,0.8,0.6,2,2,-2,0.026315789473684237,0.16666666666666663,2
1998-09-26,Charlton,Coventry,1,1,D,6,6,-1,-1,0.0,10,9,1,0.16666666666666666,6,4,52,2,0.3157894736842105,3,11,-8,0.16666666666666666,0,0,0,0,0,0,1,0,0.2,0.0,2,-53,-3,-0.3157894736842105,0.0,9
1998-09-26,Chelsea,Middlesbrough,2,0,H,5,8,63,28,0.5263157894736842,8,7,1,0.4,6,9,-1,-1,0.0,8,6,2,0.3333333333333333,0,0,0,0,0,0,0,0,0.4,0.4,-1,64,29,0.5263157894736842,0.06666666666666671,-1
1998-09-26,Everton,Blackburn,0,0,D,6,6,40,-15,0.2368421052631579,4,5,-1,0.16666666666666666,6,4,58,5,0.42105263157894735,5,10,-5,0.16666666666666666,0,0,0,0,0,0,1,0,0.2,0.2,2,-18,-20,-0.18421052631578944,0.0,4
1998-09-26,Newcastle,Nott'm Forest,2,0,H,6,8,44,-9,0.2894736842105263,11,7,4,0.3333333333333333,6,7,-1,-1,0.0,5,7,-2,0.3333333333333333,0,0,0,0,0,0,0,0,0.4,0.4,1,45,-8,0.2894736842105263,0.0,6
1998-09-26,Sheffield Weds,Arsenal,1,0,H,6,6,44,-15,0.3157894736842105,7,5,2,0.3333333333333333,6,10,78,35,0.6052631578947368,6,2,4,0.3333333333333333,0,0,0,0,0,0,0,0,0.4,0.2,-4,-34,-50,-0.2894736842105263,0.0,-2
1998-09-26,Tottenham,Leeds,3,3,D,6,7,44,-12,0.2894736842105263,5,11,-6,0.3333333333333333,6,10,59,11,0.4473684210526316,5,1,4,0.3333333333333333,0,0,0,0,0,0,0,0,0.4,0.4,-3,-15,-23,-0.15789473684210525,0.0,-10
1998-09-27,Leicester,Wimbledon,1,1,D,6,5,53,10,0.34210526315789475,5,7,-2,0.16666666666666666,6,11,44,-12,0.2631578947368421,10,8,2,0.5,0,0,0,0,0,0,0,0,0.2,0.4,-6,9,22,0.07894736842105265,-0.33333333333333337,-4
1998-09-28,West Ham,Southampton,1,0,H,6,9,56,-1,0.42105263157894735,6,5,1,0.3333333333333333,6,1,48,-5,0.3684210526315789,3,17,-14,0.0,0,0,0,0,0,0,0,0,0.2,0.0,8,8,4,0.05263157894736842,0.3333333333333333,15
1998-10-03,Blackburn,West Ham,3,0,H,7,5,58,5,0.42105263157894735,5,10,-5,0.14285714285714285,7,12,56,-1,0.42105263157894735,7,5,2,0.42857142857142855,0,0,0,0,0,0,0,0,0.2,0.4,-7,2,6,0.0,-0.2857142857142857,-7
1998-10-03,Coventry,Aston Villa,1,2,A,7,5,52,2,0.3157894736842105,4,12,-8,0.14285714285714285,7,17,57,1,0.4473684210526316,8,1,7,0.7142857142857143,0,0,0,0,0,0,0,0,0.0,0.8,-12,-5,1,-0.13157894736842107,-0.5714285714285714,-15
1998-10-03,Derby,Tottenham,0,1,A,7,12,55,3,0.42105263157894735,6,3,3,0.42857142857142855,7,8,44,-12,0.2894736842105263,8,14,-6,0.2857142857142857,0,0,0,0,0,0,0,0,0.6,0.4,4,11,15,0.13157894736842102,0.14285714285714285,9
1998-10-03,Leeds,Leicester,0,1,A,7,11,59,11,0.4473684210526316,8,4,4,0.2857142857142857,7,6,53,10,0.34210526315789475,6,8,-2,0.14285714285714285,0,0,0,0,0,0,0,0,0.2,0.0,5,6,1,0.10526315789473684,0.14285714285714285,6
1998-10-03,Middlesbrough,Sheffield Weds,4,0,H,7,9,-1,-1,0.0,8,8,0,0.2857142857142857,7,9,44,-15,0.3157894736842105,8,5,3,0.42857142857142855,0,0,0,0,0,0,0,0,0.4,0.4,0,-45,14,-0.3157894736842105,-0.14285714285714285,-3
1998-10-03,Nott'm Forest,Charlton,0,1,A,7,7,-1,-1,0.0,5,9,-4,0.2857142857142857,7,7,-1,-1,0.0,11,10,1,0.14285714285714285,0,0,0,0,0,0,0,0,0.2,0.0,0,0,0,0.0,0.14285714285714285,-5
1998-10-03,Southampton,Man United,0,3,A,7,1,48,-5,0.3684210526315789,3,18,-15,0.0,6,11,77,47,0.6052631578947368,10,6,4,0.5,0,0,0,0,0,0,0,0,0.0,0.6,-10,-29,-52,-0.2368421052631579,-0.5,-19
1998-10-03,Wimbledon,Everton,1,2,A,7,12,44,-12,0.2631578947368421,11,9,2,0.42857142857142855,7,7,40,-15,0.2368421052631579,4,5,-1,0.14285714285714285,0,0,0,0,0,0,0,0,0.4,0.2,5,4,3,0.02631578947368418,0.2857142857142857,3
1998-10-04,Arsenal,Newcastle,3,0,H,7,10,78,35,0.6052631578947368,6,3,3,0.2857142857142857,7,11,44,-9,0.2894736842105263,13,7,6,0.42857142857142855,0,0,0,0,1,0,0,0,0.2,0.6,-1,34,44,0.3157894736842105,-0.14285714285714285,-3
1998-10-04,Liverpool,Chelsea,1,1,D,7,11,65,26,0.4736842105263158,12,9,3,0.42857142857142855,6,11,63,28,0.5263157894736842,10,7,3,0.5,0,0,0,0,1,0,0,0,0.4,0.6,0,2,-2,-0.05263157894736836,-0.07142857142857145,0
1998-10-17,Arsenal,Southampton,1,1,D,8,13,78,35,0.6052631578947368,9,3,6,0.375,8,1,48,-5,0.3684210526315789,3,21,-18,0.0,0,0,0,0,0,0,0,0,0.4,0.0,12,30,40,0.2368421052631579,0.375,24
1998-10-17,Chelsea,Charlton,2,1,H,7,12,63,28,0.5263157894736842,11,8,3,0.42857142857142855,8,10,-1,-1,0.0,12,10,2,0.25,0,0,0,0,0,0,0,0,0.6,0.2,2,64,29,0.5263157894736842,0.17857142857142855,1
1998-10-17,Everton,Liverpool,0,0,D,8,10,40,-15,0.2368421052631579,6,6,0,0.25,8,12,65,26,0.4736842105263158,13,10,3,0.375,0,0,0,0,0,0,0,0,0.4,0.2,-2,-25,-41,-0.2368421052631579,-0.125,-3
1998-10-17,Man United,Wimbledon,5,1,H,7,14,77,47,0.6052631578947368,13,6,7,0.5714285714285714,8,12,44,-12,0.2631578947368421,12,11,1,0.375,0,0,0,0,0,0,0,0,0.8,0.4,2,33,59,0.34210526315789475,0.1964285714285714,6
1998-10-17,Middlesbrough,Blackburn,2,1,H,8,12,-1,-1,0.0,12,8,4,0.375,8,8,58,5,0.42105263157894735,8,10,-2,0.25,0,0,0,0,0,0,0,0,0.6,0.2,4,-59,-6,-0.42105263157894735,0.125,6
1998-10-17,Newcastle,Derby,2,1,H,8,11,44,-9,0.2894736842105263,13,10,3,0.375,8,12,55,3,0.42105263157894735,6,4,2,0.375,0,0,0,0,0,0,0,0,0.6,0.6,-1,-11,-12,-0.13157894736842102,0.0,1
1998-10-17,Nott'm Forest,Leeds,1,1,D,8,7,-1,-1,0.0,5,10,-5,0.25,8,11,59,11,0.4473684210526316,8,5,3,0.25,0,0,0,0,0,0,0,0,0.0,0.2,-4,-60,-12,-0.4473684210526316,0.0,-8
1998-10-17,West Ham,Aston Villa,0,0,D,8,12,56,-1,0.42105263157894735,7,8,-1,0.375,8,20,57,1,0.4473684210526316,10,2,8,0.75,0,0,0,0,0,0,0,0,0.4,0.8,-8,-1,-2,-0.026315789473684237,-0.375,-9
1998-10-18,Coventry,Sheffield Weds,1,0,H,8,5,52,2,0.3157894736842105,5,14,-9,0.125,8,9,44,-15,0.3157894736842105,8,9,-1,0.375,0,0,0,0,0,0,0,0,0.0,0.4,-4,8,17,0.0,-0.25,-8
1998-10-19,Leicester,Tottenham,2,1,H,8,9,53,10,0.34210526315789475,7,8,-1,0.25,8,11,44,-12,0.2894736842105263,9,14,-5,0.375,0,0,0,0,0,0,0,0,0.2,0.4,-2,9,22,0.05263157894736842,-0.125,4
1998-10-24,Aston Villa,Leicester,1,1,D,9,21,57,1,0.4473684210526316,10,2,8,0.6666666666666666,9,12,53,10,0.34210526315789475,9,9,0,0.3333333333333333,0,0,0,0,0,0,0,0,0.6,0.4,9,4,-9,0.10526315789473684,0.3333333333333333,8
1998-10-24,Charlton,West Ham,4,2,H,9,10,-1,-1,0.0,13,12,1,0.2222222222222222,9,13,56,-1,0.42105263157894735,7,8,-1,0.3333333333333333,0,0,0,0,0,0,0,0,0.2,0.4,-3,-57,0,-0.42105263157894735,-0.1111111111111111,2
1998-10-24,Derby,Man United,1,1,D,9,12,55,3,0.42105263157894735,7,6,1,0.3333333333333333,8,17,77,47,0.6052631578947368,18,7,11,0.625,0,0,1,0,1,0,0,0,0.4,0.8,-5,-22,-44,-0.1842105263157895,-0.2916666666666667,-10
1998-10-24,Liverpool,Nott'm Forest,5,1,H,9,13,65,26,0.4736842105263158,13,10,3,0.3333333333333333,9,8,-1,-1,0.0,6,11,-5,0.2222222222222222,0,0,0,0,0,0,0,0,0.0,0.0,5,66,27,0.4736842105263158,0.1111111111111111,8
1998-10-24,Sheffield Weds,Everton,0,0,D,9,9,44,-15,0.3157894736842105,8,10,-2,0.3333333333333333,9,11,40,-15,0.2368421052631579,6,6,0,0.2222222222222222,0,0,0,0,0,0,0,0,0.4,0.2,-2,4,0,0.0789473684210526,0.1111111111111111,-2
1998-10-24,Southampton,Coventry,2,1,H,9,2,48,-5,0.3684210526315789,4,22,-18,0.0,9,8,52,2,0.3157894736842105,6,14,-8,0.2222222222222222,0,0,0,0,0,0,0,0,0.0,0.2,-6,-4,-7,0.05263157894736842,-0.2222222222222222,-10
1998-10-24,Tottenham,Newcastle,2,0,H,9,11,44,-12,0.2894736842105263,10,16,-6,0.3333333333333333,9,14,44,-9,0.2894736842105263,15,11,4,0.4444444444444444,0,0,0,0,0,0,0,0,0.2,0.8,-3,0,-3,0.0,-0.1111111111111111,-10
1998-10-24,Wimbledon,Middlesbrough,2,2,D,9,12,44,-12,0.2631578947368421,13,16,-3,0.3333333333333333,9,15,-1,-1,0.0,14,9,5,0.4444444444444444,0,0,0,0,0,0,0,0,0.2,0.6,-3,45,-11,0.2631578947368421,-0.1111111111111111,-8
1998-10-25,Blackburn,Arsenal,1,2,A,9,8,58,5,0.42105263157894735,9,12,-3,0.2222222222222222,9,14,78,35,0.6052631578947368,10,4,6,0.3333333333333333,0,0,0,0,0,0,0,0,0.2,0.4,-6,-20,-30,-0.1842105263157895,-0.1111111111111111,-9
1998-10-25,Leeds,Chelsea,0,0,D,9,12,59,11,0.4473684210526316,9,6,3,0.2222222222222222,8,15,63,28,0.5263157894736842,13,9,4,0.5,0,0,0,0,0,0,0,0,0.0,0.8,-3,-4,-17,-0.0789473684210526,-0.2777777777777778,-1
1998-10-31,Coventry,Arsenal,0,1,A,10,8,52,2,0.3157894736842105,7,16,-9,0.2,10,17,78,35,0.6052631578947368,12,5,7,0.4,0,0,0,0,0,0,0,0,0.2,0.6,-9,-26,-33,-0.2894736842105263,-0.2,-16
1998-10-31,Derby,Leeds,2,2,D,10,13,55,3,0.42105263157894735,8,7,1,0.3,10,13,59,11,0.4473684210526316,9,6,3,0.2,0,0,0,0,0,0,0,0,0.2,0.0,0,-4,-8,-0.026315789473684237,0.09999999999999998,-2
1998-10-31,Everton,Man United,1,4,A,10,12,40,-15,0.2368421052631579,6,6,0,0.2,9,18,77,47,0.6052631578947368,19,8,11,0.5555555555555556,0,0,0,0,0,0,0,0,0.2,0.6,-6,-37,-62,-0.3684210526315789,-0.35555555555555557,-11
1998-10-31,Leicester,Liverpool,1,0,H,10,13,53,10,0.34210526315789475,10,10,0,0.3,10,16,65,26,0.4736842105263158,18,11,7,0.4,0,0,0,0,0,0,0,0,0.4,0.2,-3,-12,-16,-0.13157894736842107,-0.10000000000000003,-7
1998-10-31,Newcastle,West Ham,0,3,A,10,14,44,-9,0.2894736842105263,15,13,2,0.4,10,13,56,-1,0.42105263157894735,9,12,-3,0.3,0,0,0,0,0,0,0,0,0.6,0.2,1,-12,-8,-0.13157894736842102,0.10000000000000003,5
1998-10-31,Sheffield Weds,Southampton,0,0,D,10,10,44,-15,0.3157894736842105,8,10,-2,0.3,10,5,48,-5,0.3684210526315789,6,23,-17,0.1,0,0,0,0,0,0,0,0,0.2,0.2,5,-4,-10,-0.05263157894736842,0.19999999999999998,15
1998-10-31,Wimbledon,Blackburn,1,1,D,10,13,44,-12,0.2631578947368421,15,18,-3,0.3,10,8,58,5,0.42105263157894735,10,14,-4,0.2,0,0,0,0,0,0,0,0,0.2,0.2,5,-14,-17,-0.15789473684210525,0.09999999999999998,1
1998-11-01,Middlesbrough,Nott'm Forest,1,1,D,10,16,-1,-1,0.0,16,11,5,0.4,10,8,-1,-1,0.0,7,16,-9,0.2,0,0,0,0,0,0,0,0,0.4,0.0,8,0,0,0.0,0.2,14
1998-11-02,Tottenham,Charlton,2,2,D,10,14,44,-12,0.2894736842105263,12,16,-4,0.4,10,13,-1,-1,0.0,17,14,3,0.3,0,0,0,0,0,0,0,0,0.4,0.4,1,45,-11,0.2894736842105263,0.10000000000000003,-7
1998-11-07,Aston Villa,Tottenham,3,2,H,10,22,57,1,0.4473684210526316,11,3,8,0.6,11,15,44,-12,0.2894736842105263,14,18,-4,0.36363636363636365,0,0,0,0,0,0,0,0,0.4,0.4,7,13,13,0.15789473684210525,0.23636363636363633,12
1998-11-07,Blackburn,Coventry,1,2,A,11,9,58,5,0.42105263157894735,11,15,-4,0.18181818181818182,11,8,52,2,0.3157894736842105,7,17,-10,0.18181818181818182,0,0,0,0,0,0,0,0,0.2,0.2,1,6,3,0.10526315789473684,0.0,6
1998-11-07,Charlton,Leicester,0,0,D,11,14,-1,-1,0.0,19,16,3,0.2727272727272727,11,16,53,10,0.34210526315789475,11,10,1,0.36363636363636365,0,0,0,0,0,0,0,0,0.4,0.6,-2,-54,-11,-0.34210526315789475,-0.09090909090909094,2
1998-11-07,Liverpool,Derby,1,2,A,11,16,65,26,0.4736842105263158,18,12,6,0.36363636363636365,11,14,55,3,0.42105263157894735,10,9,1,0.2727272727272727,0,0,0,0,0,0,0,0,0.2,0.0,2,10,23,0.052631578947368474,0.09090909090909094,5
1998-11-07,Nott'm Forest,Wimbledon,0,1,A,11,9,-1,-1,0.0,8,17,-9,0.18181818181818182,11,14,44,-12,0.2631578947368421,16,19,-3,0.2727272727272727,0,0,0,0,0,0,0,0,0.0,0.0,-5,-45,11,-0.2631578947368421,-0.09090909090909088,-6
1998-11-07,Southampton,Middlesbrough,3,3,D,11,6,48,-5,0.3684210526315789,6,23,-17,0.09090909090909091,11,17,-1,-1,0.0,17,12,5,0.36363636363636365,0,0,0,0,0,0,0,0,0.2,0.4,-11,49,-4,0.3684210526315789,-0.2727272727272727,-22
1998-11-08,Arsenal,Everton,1,0,H,11,20,78,35,0.6052631578947368,13,5,8,0.45454545454545453,11,12,40,-15,0.2368421052631579,7,10,-3,0.18181818181818182,0,0,0,0,0,0,0,0,0.6,0.2,8,38,50,0.3684210526315789,0.2727272727272727,11
1998-11-08,Leeds,Sheffield Weds,2,1,H,11,14,59,11,0.4473684210526316,11,8,3,0.18181818181818182,11,11,44,-15,0.3157894736842105,8,10,-2,0.2727272727272727,0,0,0,0,0,0,0,0,0.0,0.2,3,15,26,0.13157894736842107,-0.09090909090909088,5
1998-11-08,Man United,Newcastle,0,0,D,10,21,77,47,0.6052631578947368,23,9,14,0.6,11,14,44,-9,0.2894736842105263,15,16,-1,0.36363636363636365,0,0,0,0,0,0,0,0,0.8,0.4,7,33,56,0.3157894736842105,0.23636363636363633,15
1998-11-08,West Ham,Chelsea,1,1,D,11,16,56,-1,0.42105263157894735,12,12,0,0.36363636363636365,9,16,63,28,0.5263157894736842,13,9,4,0.4444444444444444,0,0,0,0,0,0,0,0,0.4,0.6,0,-7,-29,-0.10526315789473684,-0.08080808080808077,-4
1998-11-14,Arsenal,Tottenham,0,0,D,12,23,78,35,0.6052631578947368,14,5,9,0.5,12,15,44,-12,0.2894736842105263,16,21,-5,0.3333333333333333,1,0,0,0,0,0,0,0,0.8,0.4,8,34,47,0.3157894736842105,0.16666666666666669,14
1998-11-14,Charlton,Middlesbrough,1,1,D,12,15,-1,-1,0.0,19,16,3,0.25,12,18,-1,-1,0.0,20,15,5,0.3333333333333333,0,0,0,0,0,0,0,0,0.4,0.4,-3,0,0,0.0,-0.08333333333333331,-2
1998-11-14,Chelsea,Wimbledon,3,0,H,10,17,63,28,0.5263157894736842,14,10,4,0.4,12,17,44,-12,0.2631578947368421,17,19,-2,0.3333333333333333,0,0,0,0,0,0,0,0,0.4,0.2,0,19,40,0.2631578947368421,0.06666666666666671,6
1998-11-14,Liverpool,Leeds,1,3,A,12,16,65,26,0.4736842105263158,19,14,5,0.3333333333333333,12,17,59,11,0.4473684210526316,13,9,4,0.25,0,0,0,0,0,0,0,0,0.2,0.2,-1,6,15,0.026315789473684237,0.08333333333333331,1
1998-11-14,Man United,Blackburn,3,2,H,11,22,77,47,0.6052631578947368,23,9,14,0.5454545454545454,12,9,58,5,0.42105263157894735,12,17,-5,0.16666666666666666,0,0,0,0,0,0,0,0,0.6,0.2,13,19,42,0.1842105263157895,0.3787878787878788,19
1998-11-14,Newcastle,Sheffield Weds,1,1,D,12,15,44,-9,0.2894736842105263,15,16,-1,0.3333333333333333,12,11,44,-15,0.3157894736842105,9,12,-3,0.25,0,0,0,0,0,0,0,0,0.2,0.0,4,0,6,-0.02631578947368418,0.08333333333333331,2
1998-11-14,Southampton,Aston Villa,1,4,A,12,7,48,-5,0.3684210526315789,9,26,-17,0.08333333333333333,11,25,57,1,0.4473684210526316,14,5,9,0.6363636363636364,0,0,0,0,0,0,0,0,0.2,0.6,-18,-9,-6,-0.07894736842105265,-0.553030303030303,-26
1998-11-14,West Ham,Leicester,3,2,H,12,17,56,-1,0.42105263157894735,13,13,0,0.3333333333333333,12,17,53,10,0.34210526315789475,11,10,1,0.3333333333333333,0,0,0,0,0,0,0,0,0.2,0.6,0,3,-11,0.0789473684210526,0.0,-1
1998-11-15,Coventry,Everton,3,0,H,12,11,52,2,0.3157894736842105,9,18,-9,0.25,12,12,40,-15,0.2368421052631579,7,11,-4,0.16666666666666666,0,0,0,0,0,0,0,0,0.4,0.2,-1,12,17,0.0789473684210526,0.08333333333333334,-5
1998-11-16,Nott'm Forest,Derby,2,2,D,12,9,-1,-1,0.0,8,18,-10,0.16666666666666666,12,17,55,3,0.42105263157894735,12,10,2,0.3333333333333333,0,0,0,0,0,0,0,0,0.0,0.2,-8,-56,-4,-0.42105263157894735,-0.16666666666666666,-12
1998-11-21,Aston Villa,Liverpool,2,4,A,12,28,57,1,0.4473684210526316,18,6,12,0.6666666666666666,13,16,65,26,0.4736842105263158,20,17,3,0.3076923076923077,0,0,0,0,0,0,1,0,0.6,0.2,12,-8,-25,-0.026315789473684237,0.3589743589743589,9
1998-11-21,Blackburn,Southampton,0,2,A,13,9,58,5,0.42105263157894735,14,20,-6,0.15384615384615385,13,7,48,-5,0.3684210526315789,10,30,-20,0.07692307692307693,0,0,0,0,0,0,0,0,0.0,0.2,2,10,10,0.05263157894736842,0.07692307692307693,14
1998-11-21,Leeds,Charlton,4,1,H,13,20,59,11,0.4473684210526316,16,10,6,0.3076923076923077,13,16,-1,-1,0.0,20,17,3,0.23076923076923078,0,0,0,0,0,0,0,0,0.4,0.2,4,60,12,0.4473684210526316,0.07692307692307693,3
1998-11-21,Leicester,Chelsea,2,4,A,13,17,53,10,0.34210526315789475,13,13,0,0.3076923076923077,11,20,63,28,0.5263157894736842,17,10,7,0.45454545454545453,0,0,0,0,0,0,0,0,0.4,0.4,-3,-10,-18,-0.18421052631578944,-0.14685314685314682,-7
1998-11-21,Middlesbrough,Coventry,2,0,H,13,19,-1,-1,0.0,21,16,5,0.3076923076923077,13,14,52,2,0.3157894736842105,12,18,-6,0.3076923076923077,0,0,0,0,0,0,0,0,0.2,0.6,5,-53,-3,-0.3157894736842105,0.0,11
1998-11-21,Sheffield Weds,Man United,3,1,H,13,12,44,-15,0.3157894736842105,10,13,-3,0.23076923076923078,12,25,77,47,0.6052631578947368,26,11,15,0.5833333333333334,0,0,0,0,0,0,0,0,0.0,0.6,-13,-33,-62,-0.2894736842105263,-0.3525641025641026,-18
1998-11-21,Tottenham,Nott'm Forest,2,0,H,13,16,44,-12,0.2894736842105263,16,21,-5,0.3076923076923077,13,10,-1,-1,0.0,10,20,-10,0.15384615384615385,0,0,0,0,0,0,0,0,0.2,0.0,6,45,-11,0.2894736842105263,0.15384615384615385,5
1998-11-21,Wimbledon,Arsenal,1,0,H,13,17,44,-12,0.2631578947368421,17,22,-5,0.3076923076923077,13,24,78,35,0.6052631578947368,14,5,9,0.46153846153846156,0,0,0,0,0,0,0,0,0.2,0.6,-7,-34,-47,-0.34210526315789475,-0.15384615384615385,-14
1998-11-22,Derby,West Ham,0,2,A,13,18,55,3,0.42105263157894735,14,12,2,0.3076923076923077,13,20,56,-1,0.42105263157894735,16,15,1,0.38461538461538464,0,0,0,0,0,0,0,0,0.2,0.4,-2,-1,4,0.0,-0.07692307692307693,1
1998-11-23,Everton,Newcastle,1,0,H,13,12,40,-15,0.2368421052631579,7,14,-7,0.15384615384615385,13,16,44,-9,0.2894736842105263,16,17,-1,0.3076923076923077,0,0,1,0,0,0,0,0,0.0,0.2,-4,-4,-6,-0.05263157894736842,-0.15384615384615385,-6
1998-11-28,Charlton,Everton,1,2,A,14,16,-1,-1,0.0,21,21,0,0.21428571428571427,14,15,40,-15,0.2368421052631579,8,14,-6,0.21428571428571427,0,0,0,0,0,0,0,0,0.2,0.2,1,-41,14,-0.2368421052631579,0.0,6
1998-11-28,Chelsea,Sheffield Weds,1,1,D,12,23,63,28,0.5263157894736842,21,12,9,0.5,14,15,44,-15,0.3157894736842105,13,14,-1,0.2857142857142857,0,0,0,0,0,0,0,0,0.6,0.2,8,19,43,0.21052631578947367,0.2142857142857143,10
1998-11-28,Coventry,Leicester,1,1,D,14,14,52,2,0.3157894736842105,12,20,-8,0.2857142857142857,14,17,53,10,0.34210526315789475,15,17,-2,0.2857142857142857,0,0,0,0,0,0,0,0,0.4,0.2,-3,-1,-8,-0.026315789473684237,0.0,-6
1998-11-28,Newcastle,Wimbledon,3,1,H,14,16,44,-9,0.2894736842105263,16,18,-2,0.2857142857142857,14,20,44,-12,0.2631578947368421,18,22,-4,0.35714285714285715,0,0,0,0,0,0,0,0,0.0,0.4,-4,0,3,0.026315789473684237,-0.07142857142857145,2
1998-11-28,Nott'm Forest,Aston Villa,2,2,D,14,10,-1,-1,0.0,10,22,-12,0.14285714285714285,13,28,57,1,0.4473684210526316,20,10,10,0.6153846153846154,0,0,0,0,0,0,0,0,0.0,0.4,-18,-58,-2,-0.4473684210526316,-0.47252747252747257,-22
1998-11-28,Southampton,Derby,0,1,A,14,10,48,-5,0.3684210526315789,12,30,-18,0.14285714285714285,14,18,55,3,0.42105263157894735,14,14,0,0.2857142857142857,0,0,0,0,0,0,0,0,0.4,0.2,-8,-7,-8,-0.05263157894736842,-0.14285714285714285,-18
1998-11-28,West Ham,Tottenham,2,1,H,14,23,56,-1,0.42105263157894735,18,15,3,0.42857142857142855,14,19,44,-12,0.2894736842105263,18,21,-3,0.35714285714285715,0,0,0,0,0,0,0,0,0.6,0.4,4,12,11,0.13157894736842102,0.0714285714285714,6
1998-11-29,Arsenal,Middlesbrough,1,1,D,14,24,78,35,0.6052631578947368,14,6,8,0.42857142857142855,14,22,-1,-1,0.0,23,16,7,0.35714285714285715,0,0,0,0,0,0,0,0,0.6,0.2,2,79,36,0.6052631578947368,0.0714285714285714,1
1998-11-29,Liverpool,Blackburn,2,0,H,14,19,65,26,0.4736842105263158,24,19,5,0.35714285714285715,14,9,58,5,0.42105263157894735,14,22,-8,0.14285714285714285,0,0,0,0,0,0,1,0,0.4,0.0,10,7,21,0.052631578947368474,0.2142857142857143,13
1998-11-29,Man United,Leeds,3,2,H,13,25,77,47,0.6052631578947368,27,14,13,0.5384615384615384,14,23,59,11,0.4473684210526316,20,11,9,0.35714285714285715,0,0,0,0,1,0,0,0,0.4,0.6,2,18,36,0.15789473684210525,0.18131868131868129,4
1998-12-05,Aston Villa,Man United,1,1,D,14,29,57,1,0.4473684210526316,22,12,10,0.5714285714285714,14,28,77,47,0.6052631578947368,30,16,14,0.5714285714285714,0,0,0,0,0,0,0,0,0.4,0.6,1,-20,-46,-0.15789473684210525,0.0,-4
1998-12-05,Blackburn,Charlton,1,0,H,15,9,58,5,0.42105263157894735,14,24,-10,0.13333333333333333,15,16,-1,-1,0.0,22,23,-1,0.2,0,0,1,0,0,0,0,0,0.0,0.0,-7,59,6,0.42105263157894735,-0.06666666666666668,-9
1998-12-05,Derby,Arsenal,0,0,D,15,21,55,3,0.42105263157894735,15,14,1,0.3333333333333333,15,25,78,35,0.6052631578947368,15,7,8,0.4,0,0,0,0,0,0,0,0,0.4,0.4,-4,-23,-32,-0.1842105263157895,-0.06666666666666671,-7
1998-12-05,Everton,Chelsea,0,0,D,15,18,40,-15,0.2368421052631579,10,15,-5,0.26666666666666666,13,24,63,28,0.5263157894736842,22,13,9,0.46153846153846156,0,0,0,0,0,0,0,0,0.4,0.4,-6,-23,-43,-0.28947368421052627,-0.1948717948717949,-14
1998-12-05,Leeds,West Ham,4,0,H,15,23,59,11,0.4473684210526316,22,14,8,0.3333333333333333,15,26,56,-1,0.42105263157894735,20,16,4,0.4666666666666667,0,0,0,0,1,0,0,0,0.6,0.8,-3,3,12,0.026315789473684237,-0.13333333333333336,4
1998-12-05,Leicester,Southampton,2,0,H,15,18,53,10,0.34210526315789475,16,18,-2,0.26666666666666666,15,10,48,-5,0.3684210526315789,12,31,-19,0.13333333333333333,0,0,0,0,0,0,0,0,0.2,0.2,8,5,15,-0.02631578947368418,0.13333333333333333,17
1998-12-05,Tottenham,Liverpool,2,1,H,15,19,44,-12,0.2894736842105263,19,23,-4,0.3333333333333333,15,22,65,26,0.4736842105263158,26,19,7,0.4,0,0,0,0,0,0,0,0,0.2,0.4,-3,-21,-38,-0.1842105263157895,-0.06666666666666671,-11
1998-12-05,Wimbledon,Coventry,2,1,H,15,20,44,-12,0.2631578947368421,19,25,-6,0.3333333333333333,15,15,52,2,0.3157894736842105,13,21,-8,0.26666666666666666,0,0,0,0,0,0,0,0,0.4,0.4,5,-8,-14,-0.05263157894736842,0.06666666666666665,2
1998-12-06,Middlesbrough,Newcastle,2,2,D,15,23,-1,-1,0.0,24,17,7,0.3333333333333333,15,19,44,-9,0.2894736842105263,19,19,0,0.3333333333333333,0,0,0,0,0,0,0,0,0.2,0.2,4,-45,8,-0.2894736842105263,0.0,7
1998-12-07,Sheffield Weds,Nott'm Forest,3,2,H,15,16,44,-15,0.3157894736842105,14,15,-1,0.26666666666666666,15,11,-1,-1,0.0,12,24,-12,0.13333333333333333,0,0,0,0,0,0,0,0,0.2,0.0,5,45,-14,0.3157894736842105,0.13333333333333333,11
1998-12-09,Chelsea,Aston Villa,2,1,H,14,25,63,28,0.5263157894736842,22,13,9,0.42857142857142855,15,30,57,1,0.4473684210526316,23,13,10,0.5333333333333333,0,0,0,0,0,0,0,0,0.4,0.4,-5,6,27,0.0789473684210526,-0.10476190476190478,-1
1998-12-12,Blackburn,Newcastle,0,0,D,16,12,58,5,0.42105263157894735,15,24,-9,0.1875,16,20,44,-9,0.2894736842105263,21,21,0,0.3125,0,0,0,0,0,0,0,0,0.2,0.2,-8,14,14,0.13157894736842102,-0.125,-9
1998-12-12,Derby,Chelsea,2,2,D,16,22,55,3,0.42105263157894735,15,14,1,0.3125,15,28,63,28,0.5263157894736842,24,14,10,0.4666666666666667,0,0,0,0,0,0,0,0,0.4,0.6,-6,-8,-25,-0.10526315789473684,-0.15416666666666667,-9
1998-12-12,Everton,Southampton,1,0,H,16,19,40,-15,0.2368421052631579,10,15,-5,0.25,16,10,48,-5,0.3684210526315789,12,33,-21,0.125,0,0,0,0,0,0,0,0,0.4,0.2,9,-8,-10,-0.13157894736842102,0.125,16
1998-12-12,Leicester,Nott'm Forest,3,1,H,16,21,53,10,0.34210526315789475,18,18,0,0.3125,16,11,-1,-1,0.0,14,27,-13,0.125,0,0,0,0,0,0,0,0,0.2,0.0,10,54,11,0.34210526315789475,0.1875,13
1998-12-12,Middlesbrough,West Ham,1,0,H,16,24,-1,-1,0.0,26,19,7,0.3125,16,26,56,-1,0.42105263157894735,20,20,0,0.4375,0,0,0,0,0,0,0,0,0.2,0.6,-2,-57,0,-0.42105263157894735,-0.125,7
1998-12-12,Sheffield Weds,Charlton,3,0,H,16,19,44,-15,0.3157894736842105,17,17,0,0.3125,16,16,-1,-1,0.0,22,24,-2,0.1875,0,0,0,0,0,0,1,0,0.4,0.0,3,45,-14,0.3157894736842105,0.125,2
1998-12-12,Tottenham,Man United,2,2,D,16,22,44,-12,0.2894736842105263,21,24,-3,0.375,15,29,77,47,0.6052631578947368,31,17,14,0.5333333333333333,0,0,0,0,0,0,0,0,0.4,0.4,-7,-33,-59,-0.3157894736842105,-0.15833333333333333,-17
1998-12-13,Aston Villa,Arsenal,3,2,H,16,30,57,1,0.4473684210526316,24,15,9,0.5,16,26,78,35,0.6052631578947368,15,7,8,0.375,0,0,0,0,0,0,0,0,0.2,0.2,4,-21,-34,-0.15789473684210525,0.125,1
1998-12-13,Wimbledon,Liverpool,1,0,H,16,23,44,-12,0.2631578947368421,21,26,-5,0.375,16,22,65,26,0.4736842105263158,27,21,6,0.375,0,0,0,0,0,0,0,0,0.6,0.4,1,-21,-38,-0.21052631578947373,0.0,-11
1998-12-14,Leeds,Coventry,2,0,H,16,26,59,11,0.4473684210526316,26,14,12,0.375,16,15,52,2,0.3157894736842105,14,23,-9,0.25,0,0,0,0,0,0,0,0,0.8,0.4,11,7,9,0.13157894736842107,0.125,21
1998-12-16,Man United,Chelsea,1,1,D,16,30,77,47,0.6052631578947368,33,19,14,0.5,16,29,63,28,0.5263157894736842,26,16,10,0.4375,0,0,0,0,0,0,0,0,0.4,0.4,1,14,19,0.07894736842105265,0.0625,4
1998-12-19,Chelsea,Tottenham,2,0,H,17,30,63,28,0.5263157894736842,27,17,10,0.4117647058823529,17,23,44,-12,0.2894736842105263,23,26,-3,0.35294117647058826,0,0,0,0,0,0,0,0,0.2,0.4,7,19,40,0.23684210526315785,0.05882352941176466,13
1998-12-19,Coventry,Derby,1,1,D,17,15,52,2,0.3157894736842105,14,25,-11,0.23529411764705882,17,23,55,3,0.42105263157894735,17,16,1,0.29411764705882354,0,0,0,0,0,0,0,0,0.2,0.2,-8,-3,-1,-0.10526315789473684,-0.05882352941176472,-12
1998-12-19,Liverpool,Sheffield Weds,2,0,H,17,22,65,26,0.4736842105263158,27,22,5,0.35294117647058826,17,22,44,-15,0.3157894736842105,20,17,3,0.35294117647058826,0,0,0,0,0,0,0,0,0.4,0.6,0,21,41,0.1578947368421053,0.0,2
1998-12-19,Man United,Middlesbrough,2,3,A,17,31,77,47,0.6052631578947368,34,20,14,0.47058823529411764,17,27,-1,-1,0.0,27,19,8,0.35294117647058826,0,0,0,0,0,0,0,0,0.2,0.4,4,78,48,0.6052631578947368,0.11764705882352938,6
1998-12-19,Newcastle,Leicester,1,0,H,17,21,44,-9,0.2894736842105263,21,21,0,0.29411764705882354,17,24,53,10,0.34210526315789475,21,19,2,0.35294117647058826,0,0,0,0,0,0,0,0,0.2,0.4,-3,-9,-19,-0.05263157894736842,-0.05882352941176472,-2
1998-12-19,Nott'm Forest,Blackburn,2,2,D,17,11,-1,-1,0.0,15,30,-15,0.11764705882352941,17,13,58,5,0.42105263157894735,15,24,-9,0.17647058823529413,0,0,0,0,0,0,0,0,0.0,0.2,-2,-59,-6,-0.42105263157894735,-0.05882352941176472,-6
1998-12-19,Southampton,Wimbledon,3,1,H,17,10,48,-5,0.3684210526315789,12,34,-22,0.11764705882352941,17,26,44,-12,0.2631578947368421,22,26,-4,0.4117647058823529,0,0,1,0,0,0,0,0,0.2,0.6,-16,4,7,0.10526315789473684,-0.2941176470588235,-18
1998-12-19,West Ham,Everton,2,1,H,17,26,56,-1,0.42105263157894735,20,21,-1,0.4117647058823529,17,22,40,-15,0.2368421052631579,11,15,-4,0.29411764705882354,0,0,0,0,0,0,0,0,0.6,0.6,4,16,14,0.18421052631578944,0.11764705882352938,3
1998-12-20,Arsenal,Leeds,3,1,H,17,26,78,35,0.6052631578947368,17,10,7,0.35294117647058826,17,29,59,11,0.4473684210526316,28,14,14,0.4117647058823529,0,0,0,0,0,0,0,0,0.0,0.8,-3,19,24,0.15789473684210525,-0.05882352941176466,-7
1998-12-21,Charlton,Aston Villa,0,1,A,17,16,-1,-1,0.0,22,27,-5,0.17647058823529413,17,33,57,1,0.4473684210526316,27,17,10,0.5294117647058824,0,0,1,0,0,0,0,0,0.0,0.2,-17,-58,-2,-0.4473684210526316,-0.3529411764705882,-15
1998-12-26,Arsenal,West Ham,1,0,H,18,29,78,35,0.6052631578947368,20,11,9,0.3888888888888889,18,29,56,-1,0.42105263157894735,22,22,0,0.4444444444444444,0,0,0,0,0,0,0,0,0.2,0.6,0,22,36,0.1842105263157895,-0.055555555555555525,9
1998-12-26,Blackburn,Aston Villa,2,1,H,18,14,58,5,0.42105263157894735,17,26,-9,0.16666666666666666,18,36,57,1,0.4473684210526316,28,17,11,0.5555555555555556,0,0,0,0,0,0,0,0,0.2,0.4,-22,1,4,-0.026315789473684237,-0.38888888888888895,-20
1998-12-26,Coventry,Tottenham,1,1,D,18,16,52,2,0.3157894736842105,15,26,-11,0.2222222222222222,18,23,44,-12,0.2894736842105263,23,28,-5,0.3333333333333333,0,0,0,0,0,0,0,0,0.0,0.4,-7,8,14,0.02631578947368418,-0.1111111111111111,-6
1998-12-26,Everton,Derby,0,0,D,18,22,40,-15,0.2368421052631579,12,17,-5,0.2777777777777778,18,24,55,3,0.42105263157894735,18,17,1,0.2777777777777778,0,0,0,0,0,0,0,0,0.6,0.2,-2,-15,-18,-0.18421052631578944,0.0,-6
1998-12-26,Man United,Nott'm Forest,3,0,H,18,31,77,47,0.6052631578947368,36,23,13,0.4444444444444444,18,12,-1,-1,0.0,17,32,-15,0.1111111111111111,0,0,0,0,0,0,0,0,0.2,0.0,19,78,48,0.6052631578947368,0.3333333333333333,28
1998-12-26,Middlesbrough,Liverpool,1,3,A,18,30,-1,-1,0.0,30,21,9,0.3888888888888889,18,25,65,26,0.4736842105263158,29,22,7,0.3888888888888889,0,0,0,0,0,0,0,0,0.6,0.6,5,-66,-27,-0.4736842105263158,0.0,2
1998-12-26,Newcastle,Leeds,0,3,A,18,24,44,-9,0.2894736842105263,22,21,1,0.3333333333333333,18,29,59,11,0.4473684210526316,29,17,12,0.3888888888888889,0,0,0,0,0,0,0,0,0.4,0.6,-5,-15,-20,-0.15789473684210525,-0.05555555555555558,-11
1998-12-26,Sheffield Weds,Leicester,0,1,A,18,22,44,-15,0.3157894736842105,20,19,1,0.3333333333333333,18,24,53,10,0.34210526315789475,21,20,1,0.3333333333333333,0,0,0,0,0,0,0,0,0.6,0.4,-2,-9,-25,-0.026315789473684237,0.0,0
1998-12-26,Southampton,Chelsea,0,2,A,18,13,48,-5,0.3684210526315789,15,35,-20,0.16666666666666666,18,33,63,28,0.5263157894736842,29,17,12,0.4444444444444444,0,0,0,0,0,0,0,0,0.4,0.4,-20,-15,-33,-0.15789473684210525,-0.2777777777777778,-32
1998-12-26,Wimbledon,Charlton,2,1,H,18,26,44,-12,0.2631578947368421,23,29,-6,0.3888888888888889,18,16,-1,-1,0.0,22,28,-6,0.16666666666666666,0,0,0,0,0,0,1,1,0.6,0.0,10,45,-11,0.2631578947368421,0.22222222222222224,0
1998-12-28,Aston Villa,Sheffield Weds,2,1,H,19,36,57,1,0.4473684210526316,29,19,10,0.5263157894736842,19,22,44,-15,0.3157894736842105,20,20,0,0.3157894736842105,0,0,0,0,0,0,0,0,0.4,0.4,14,13,16,0.13157894736842107,0.21052631578947367,10
1998-12-28,Charlton,Arsenal,0,1,A,19,16,-1,-1,0.0,23,30,-7,0.15789473684210525,19,32,78,35,0.6052631578947368,21,11,10,0.42105263157894735,0,0,1,1,0,0,0,0,0.0,0.4,-16,-79,-36,-0.6052631578947368,-0.2631578947368421,-17
1998-12-28,Derby,Middlesbrough,2,1,H,19,25,55,3,0.42105263157894735,18,17,1,0.2631578947368421,19,30,-1,-1,0.0,31,24,7,0.3684210526315789,0,0,0,0,0,0,0,0,0.2,0.4,-5,56,4,0.42105263157894735,-0.10526315789473684,-6
1998-12-28,Leicester,Blackburn,1,1,D,19,27,53,10,0.34210526315789475,22,20,2,0.3684210526315789,19,17,58,5,0.42105263157894735,19,27,-8,0.21052631578947367,0,0,0,0,0,0,0,0,0.6,0.4,10,-5,5,-0.0789473684210526,0.15789473684210525,10
1998-12-28,Liverpool,Newcastle,4,2,H,19,28,65,26,0.4736842105263158,32,23,9,0.42105263157894735,19,24,44,-9,0.2894736842105263,22,24,-2,0.3157894736842105,0,0,0,0,0,0,0,0,0.6,0.4,4,21,35,0.1842105263157895,0.10526315789473684,11
1998-12-28,Nott'm Forest,Southampton,1,1,D,19,12,-1,-1,0.0,17,35,-18,0.10526315789473684,19,13,48,-5,0.3684210526315789,15,37,-22,0.15789473684210525,0,0,0,0,0,0,0,0,0.0,0.2,-1,-49,4,-0.3684210526315789,-0.05263157894736842,4
1998-12-28,Tottenham,Everton,4,1,H,19,24,44,-12,0.2894736842105263,24,29,-5,0.3157894736842105,19,23,40,-15,0.2368421052631579,12,17,-5,0.2631578947368421,0,0,0,0,0,0,0,0,0.2,0.4,1,4,3,0.05263157894736842,0.05263157894736842,0
1998-12-28,West Ham,Coventry,2,0,H,19,29,56,-1,0.42105263157894735,22,23,-1,0.42105263157894735,19,17,52,2,0.3157894736842105,16,27,-11,0.21052631578947367,0,0,0,0,0,0,0,0,0.4,0.0,12,4,-3,0.10526315789473684,0.21052631578947367,10
1998-12-29,Chelsea,Man United,0,0,D,19,36,63,28,0.5263157894736842,31,17,14,0.47368421052631576,19,34,77,47,0.6052631578947368,39,23,16,0.47368421052631576,0,0,0,0,0,0,0,0,0.6,0.2,2,-14,-19,-0.07894736842105265,0.0,-2
1998-12-29,Leeds,Wimbledon,2,2,D,19,32,59,11,0.4473684210526316,32,17,15,0.42105263157894735,19,29,44,-12,0.2631578947368421,25,30,-5,0.42105263157894735,0,0,0,0,0,0,0,0,0.6,0.6,3,15,23,0.1842105263157895,0.0,20
1999-01-09,Arsenal,Liverpool,0,0,D,20,35,78,35,0.6052631578947368,22,11,11,0.45,20,31,65,26,0.4736842105263158,36,25,11,0.45,1,0,0,0,1,0,0,0,0.6,0.6,4,13,9,0.13157894736842102,0.0,0
1999-01-09,Blackburn,Leeds,1,0,H,20,18,58,5,0.42105263157894735,20,28,-8,0.2,20,33,59,11,0.4473684210526316,34,19,15,0.4,0,0,0,0,0,0,0,0,0.4,0.6,-15,-1,-6,-0.026315789473684237,-0.2,-23
1999-01-09,Coventry,Nott'm Forest,4,0,H,20,17,52,2,0.3157894736842105,16,29,-13,0.2,20,13,-1,-1,0.0,18,36,-18,0.1,0,0,0,0,0,0,0,0,0.0,0.0,4,53,3,0.3157894736842105,0.1,5
1999-01-09,Everton,Leicester,0,0,D,20,23,40,-15,0.2368421052631579,13,21,-8,0.25,20,28,53,10,0.34210526315789475,23,21,2,0.35,0,0,0,0,0,0,0,0,0.2,0.6,-5,-13,-25,-0.10526315789473684,-0.09999999999999998,-10
1999-01-09,Middlesbrough,Aston Villa,0,0,D,20,30,-1,-1,0.0,32,26,6,0.35,20,39,57,1,0.4473684210526316,31,20,11,0.55,0,0,0,0,0,0,0,0,0.4,0.6,-9,-58,-2,-0.4473684210526316,-0.20000000000000007,-5
1999-01-09,Newcastle,Chelsea,0,1,A,20,24,44,-9,0.2894736842105263,24,28,-4,0.3,20,37,63,28,0.5263157894736842,31,17,14,0.45,0,0,0,0,0,0,0,0,0.2,0.4,-13,-19,-37,-0.23684210526315785,-0.15000000000000002,-18
1999-01-09,Sheffield Weds,Tottenham,0,0,D,20,22,44,-15,0.3157894736842105,21,22,-1,0.3,20,27,44,-12,0.2894736842105263,28,30,-2,0.35,0,0,1,0,0,0,0,0,0.4,0.4,-5,0,-3,0.02631578947368418,-0.04999999999999999,1
1999-01-09,Southampton,Charlton,3,1,H,20,14,48,-5,0.3684210526315789,16,38,-22,0.15,20,16,-1,-1,0.0,23,31,-8,0.15,0,0,0,0,0,0,1,1,0.2,0.0,-2,49,-4,0.3684210526315789,0.0,-14
1999-01-09,Wimbledon,Derby,2,1,H,20,30,44,-12,0.2631578947368421,27,32,-5,0.4,20,28,55,3,0.42105263157894735,20,18,2,0.3,0,0,0,0,0,0,0,0,0.6,0.2,2,-11,-15,-0.15789473684210525,0.10000000000000003,-7
1999-01-10,Man United,West Ham,4,1,H,20,35,77,47,0.6052631578947368,39,23,16,0.45,20,32,56,-1,0.42105263157894735,24,23,1,0.45,0,0,0,0,0,0,0,0,0.2,0.4,3,21,48,0.1842105263157895,0.0,15
1999-01-16,Chelsea,Coventry,2,1,H,21,40,63,28,0.5263157894736842,32,17,15,0.47619047619047616,21,20,52,2,0.3157894736842105,20,29,-9,0.23809523809523808,0,0,0,0,0,0,0,0,0.6,0.2,20,11,26,0.21052631578947367,0.23809523809523808,24
1999-01-16,Derby,Blackburn,1,0,H,21,28,55,3,0.42105263157894735,21,20,1,0.2857142857142857,21,21,58,5,0.42105263157894735,21,28,-7,0.23809523809523808,0,0,0,0,0,0,0,0,0.2,0.4,7,-3,-2,0.0,0.047619047619047616,8
1999-01-16,Leeds,Middlesbrough,2,0,H,21,33,59,11,0.4473684210526316,34,20,14,0.38095238095238093,21,31,-1,-1,0.0,32,26,6,0.3333333333333333,0,0,0,0,0,0,0,0,0.4,0.4,2,60,12,0.4473684210526316,0.047619047619047616,8
1999-01-16,Leicester,Man United,2,6,A,21,29,53,10,0.34210526315789475,23,21,2,0.3333333333333333,21,38,77,47,0.6052631578947368,43,24,19,0.47619047619047616,0,0,0,0,0,0,0,0,0.4,0.4,-9,-24,-37,-0.2631578947368421,-0.14285714285714285,-17
1999-01-16,Liverpool,Southampton,7,1,H,21,32,65,26,0.4736842105263158,36,25,11,0.42857142857142855,21,17,48,-5,0.3684210526315789,19,39,-20,0.19047619047619047,0,0,0,0,0,0,0,0,0.6,0.4,15,17,31,0.10526315789473689,0.23809523809523808,31
1999-01-16,Nott'm Forest,Arsenal,0,1,A,21,13,-1,-1,0.0,18,40,-22,0.09523809523809523,21,36,78,35,0.6052631578947368,22,11,11,0.42857142857142855,0,0,0,0,0,0,0,0,0.0,0.6,-23,-79,-36,-0.6052631578947368,-0.3333333333333333,-33
1999-01-16,Tottenham,Wimbledon,0,0,D,21,28,44,-12,0.2894736842105263,28,30,-2,0.3333333333333333,21,33,44,-12,0.2631578947368421,29,33,-4,0.42857142857142855,0,0,0,0,0,0,0,0,0.2,0.6,-5,0,0,0.026315789473684237,-0.09523809523809523,2
1999-01-16,West Ham,Sheffield Weds,0,4,A,21,32,56,-1,0.42105263157894735,25,27,-2,0.42857142857142855,21,23,44,-15,0.3157894736842105,21,22,-1,0.2857142857142857,0,0,0,0,0,0,0,0,0.4,0.2,9,12,14,0.10526315789473684,0.14285714285714285,-1
1999-01-17,Charlton,Newcastle,2,2,D,21,16,-1,-1,0.0,24,34,-10,0.14285714285714285,21,24,44,-9,0.2894736842105263,24,29,-5,0.2857142857142857,0,0,1,1,0,0,1,0,0.0,0.2,-8,-45,8,-0.2894736842105263,-0.14285714285714285,-5
1999-01-18,Aston Villa,Everton,3,0,H,21,40,57,1,0.4473684210526316,31,20,11,0.5238095238095238,21,24,40,-15,0.2368421052631579,13,21,-8,0.23809523809523808,0,0,0,0,0,0,0,0,0.6,0.2,16,17,16,0.21052631578947367,0.28571428571428575,19
1999-01-30,Blackburn,Tottenham,1,1,D,22,21,58,5,0.42105263157894735,21,29,-8,0.22727272727272727,22,29,44,-12,0.2894736842105263,28,30,-2,0.3181818181818182,0,0,0,0,0,0,0,0,0.4,0.2,-8,14,17,0.13157894736842102,-0.09090909090909091,-6
1999-01-30,Coventry,Liverpool,2,1,H,22,20,52,2,0.3157894736842105,21,31,-10,0.22727272727272727,22,35,65,26,0.4736842105263158,43,26,17,0.45454545454545453,0,0,0,0,0,0,0,0,0.2,0.8,-15,-13,-24,-0.1578947368421053,-0.22727272727272727,-27
1999-01-30,Everton,Nott'm Forest,0,1,A,22,24,40,-15,0.2368421052631579,13,24,-11,0.22727272727272727,22,13,-1,-1,0.0,18,41,-23,0.09090909090909091,0,0,0,0,0,0,0,0,0.0,0.0,11,41,-14,0.2368421052631579,0.13636363636363635,12
1999-01-30,Middlesbrough,Leicester,0,0,D,22,31,-1,-1,0.0,32,28,4,0.3181818181818182,22,29,53,10,0.34210526315789475,25,27,-2,0.3181818181818182,0,0,0,0,0,0,0,0,0.2,0.2,2,-54,-11,-0.34210526315789475,0.0,6
1999-01-30,Newcastle,Aston Villa,2,1,H,22,25,44,-9,0.2894736842105263,26,31,-5,0.2727272727272727,22,43,57,1,0.4473684210526316,34,20,14,0.5454545454545454,0,0,0,0,0,0,0,0,0.2,0.6,-18,-13,-10,-0.15789473684210525,-0.2727272727272727,-19
1999-01-30,Sheffield Weds,Derby,0,1,A,22,26,44,-15,0.3157894736842105,25,22,3,0.3181818181818182,22,31,55,3,0.42105263157894735,22,20,2,0.3181818181818182,0,0,0,0,0,0,0,0,0.2,0.4,-5,-11,-18,-0.10526315789473684,0.0,1
1999-01-30,Southampton,Leeds,3,0,H,22,17,48,-5,0.3684210526315789,20,46,-26,0.18181818181818182,22,36,59,11,0.4473684210526316,36,20,16,0.4090909090909091,0,0,0,0,0,0,0,0,0.4,0.4,-19,-11,-16,-0.07894736842105265,-0.2272727272727273,-42
1999-01-30,Wimbledon,West Ham,0,0,D,22,34,44,-12,0.2631578947368421,29,33,-4,0.4090909090909091,22,32,56,-1,0.42105263157894735,25,31,-6,0.4090909090909091,0,0,0,0,0,0,0,0,0.4,0.4,2,-12,-11,-0.15789473684210525,0.0,2
1999-01-31,Arsenal,Chelsea,1,0,H,22,39,78,35,0.6052631578947368,23,11,12,0.45454545454545453,22,43,63,28,0.5263157894736842,34,18,16,0.5,0,0,0,0,0,0,0,0,0.8,0.8,-4,15,7,0.07894736842105265,-0.04545454545454547,-4
1999-01-31,Charlton,Man United,0,1,A,22,17,-1,-1,0.0,26,36,-10,0.13636363636363635,22,41,77,47,0.6052631578947368,49,26,23,0.5,0,0,0,0,0,0,0,0,0.0,0.6,-24,-78,-48,-0.6052631578947368,-0.36363636363636365,-33
1999-02-02,Man United,Derby,1,0,H,23,44,77,47,0.6052631578947368,50,26,24,0.5217391304347826,23,34,55,3,0.42105263157894735,23,20,3,0.34782608695652173,1,0,0,0,0,0,0,0,0.8,0.6,10,22,44,0.1842105263157895,0.17391304347826086,21
1999-02-06,Aston Villa,Blackburn,1,3,A,23,43,57,1,0.4473684210526316,35,22,13,0.5217391304347826,23,22,58,5,0.42105263157894735,22,30,-8,0.21739130434782608,0,0,0,0,0,0,0,0,0.4,0.4,21,-1,-4,0.026315789473684237,0.30434782608695654,21
1999-02-06,Chelsea,Southampton,1,0,H,23,43,63,28,0.5263157894736842,34,19,15,0.4782608695652174,23,20,48,-5,0.3684210526315789,23,46,-23,0.21739130434782608,0,0,0,0,0,0,0,0,0.6,0.4,23,15,33,0.15789473684210525,0.26086956521739135,38
1999-02-06,Leeds,Newcastle,0,1,A,23,36,59,11,0.4473684210526316,36,23,13,0.391304347826087,23,28,44,-9,0.2894736842105263,28,32,-4,0.30434782608695654,0,0,0,0,0,0,0,0,0.4,0.2,8,15,20,0.15789473684210525,0.08695652173913043,17
1999-02-06,Leicester,Sheffield Weds,0,2,A,23,30,53,10,0.34210526315789475,25,27,-2,0.30434782608695654,23,26,44,-15,0.3157894736842105,25,23,2,0.30434782608695654,0,0,0,0,0,0,0,0,0.2,0.2,4,9,25,0.026315789473684237,0.0,-4
1999-02-06,Liverpool,Middlesbrough,3,1,H,23,35,65,26,0.4736842105263158,44,28,16,0.43478260869565216,23,32,-1,-1,0.0,32,28,4,0.30434782608695654,0,0,0,0,0,0,0,0,0.6,0.0,3,66,27,0.4736842105263158,0.13043478260869562,12
1999-02-06,Nott'm Forest,Man United,1,8,A,23,16,-1,-1,0.0,19,41,-22,0.13043478260869565,24,47,77,47,0.6052631578947368,51,26,25,0.5416666666666666,0,0,0,0,1,0,0,0,0.2,0.8,-31,-78,-48,-0.6052631578947368,-0.41123188405797095,-47
1999-02-06,Tottenham,Coventry,0,0,D,23,30,44,-12,0.2894736842105263,29,31,-2,0.30434782608695654,23,23,52,2,0.3157894736842105,23,32,-9,0.2608695652173913,0,0,0,0,0,0,0,0,0.2,0.4,7,-8,-14,-0.02631578947368418,0.043478260869565244,7
1999-02-06,West Ham,Arsenal,0,4,A,23,33,56,-1,0.42105263157894735,25,31,-6,0.391304347826087,23,42,78,35,0.6052631578947368,24,11,13,0.4782608695652174,0,0,0,0,0,0,0,0,0.2,0.8,-9,-22,-36,-0.1842105263157895,-0.08695652173913043,-19
1999-02-07,Derby,Everton,2,1,H,24,34,55,3,0.42105263157894735,23,21,2,0.3333333333333333,23,24,40,-15,0.2368421052631579,13,25,-12,0.21739130434782608,0,0,0,0,0,0,0,0,0.6,0.0,10,15,18,0.18421052631578944,0.11594202898550723,14
1999-02-08,Charlton,Wimbledon,2,0,H,23,17,-1,-1,0.0,26,37,-11,0.13043478260869565,23,35,44,-12,0.2631578947368421,29,33,-4,0.391304347826087,0,0,0,0,0,0,0,0,0.0,0.4,-18,-45,11,-0.2631578947368421,-0.26086956521739135,-7
1999-02-13,Charlton,Liverpool,1,0,H,24,20,-1,-1,0.0,28,37,-9,0.16666666666666666,24,38,65,26,0.4736842105263158,47,29,18,0.4583333333333333,0,0,0,0,0,0,0,0,0.2,0.6,-18,-66,-27,-0.4736842105263158,-0.29166666666666663,-27
1999-02-13,West Ham,Nott'm Forest,2,1,H,24,33,56,-1,0.42105263157894735,25,35,-10,0.375,24,16,-1,-1,0.0,20,49,-29,0.125,0,0,0,0,0,0,0,0,0.2,0.2,17,57,0,0.42105263157894735,0.25,19
1999-02-17,Aston Villa,Leeds,1,2,A,24,43,57,1,0.4473684210526316,36,25,11,0.5,24,36,59,11,0.4473684210526316,36,24,12,0.375,0,0,0,0,0,0,0,0,0.4,0.2,7,-2,-10,0.0,0.125,-1
1999-02-17,Chelsea,Blackburn,1,1,D,24,46,63,28,0.5263157894736842,35,19,16,0.5,24,25,58,5,0.42105263157894735,25,31,-6,0.25,0,0,0,0,0,0,0,0,0.6,0.4,21,5,23,0.10526315789473684,0.25,22
1999-02-17,Everton,Middlesbrough,5,0,H,24,24,40,-15,0.2368421052631579,14,27,-13,0.20833333333333334,24,32,-1,-1,0.0,33,31,2,0.2916666666666667,0,0,1,0,0,0,0,0,0.0,0.0,-8,41,-14,0.2368421052631579,-0.08333333333333334,-15
1999-02-17,Man United,Arsenal,1,1,D,25,50,77,47,0.6052631578947368,59,27,32,0.56,24,45,78,35,0.6052631578947368,28,11,17,0.5,1,1,0,0,1,0,0,0,1.0,0.8,5,-1,12,0.0,0.06000000000000005,15
1999-02-17,Newcastle,Coventry,4,1,H,24,31,44,-9,0.2894736842105263,29,32,-3,0.3333333333333333,24,24,52,2,0.3157894736842105,23,32,-9,0.25,0,0,0,0,0,0,0,0,0.4,0.4,7,-8,-11,-0.02631578947368418,0.08333333333333331,6
1999-02-20,Arsenal,Leicester,5,0,H,25,46,78,35,0.6052631578947368,29,12,17,0.48,24,30,53,10,0.34210526315789475,25,29,-4,0.2916666666666667,0,0,0,0,0,0,0,0,0.6,0.0,16,25,25,0.2631578947368421,0.1883333333333333,21
1999-02-20,Blackburn,Sheffield Weds,1,4,A,25,26,58,5,0.42105263157894735,26,32,-6,0.24,24,29,44,-15,0.3157894736842105,27,23,4,0.3333333333333333,0,0,0,0,0,0,0,0,0.4,0.4,-3,14,20,0.10526315789473684,-0.09333333333333332,-10
1999-02-20,Coventry,Man United,0,1,A,25,24,52,2,0.3157894736842105,24,36,-12,0.24,26,51,77,47,0.6052631578947368,60,28,32,0.5384615384615384,0,0,0,0,0,0,0,0,0.4,0.8,-27,-25,-45,-0.2894736842105263,-0.29846153846153844,-44
1999-02-20,Derby,Charlton,0,2,A,25,37,55,3,0.42105263157894735,25,22,3,0.36,25,23,-1,-1,0.0,29,37,-8,0.2,0,0,0,0,0,0,0,0,0.6,0.4,14,56,4,0.42105263157894735,0.15999999999999998,11
1999-02-20,Leeds,Everton,1,0,H,25,39,59,11,0.4473684210526316,38,25,13,0.4,25,27,40,-15,0.2368421052631579,19,27,-8,0.24,0,0,0,0,0,0,0,0,0.4,0.2,12,19,26,0.21052631578947367,0.16000000000000003,21
1999-02-20,Liverpool,West Ham,2,2,D,25,38,65,26,0.4736842105263158,47,30,17,0.44,25,36,56,-1,0.42105263157894735,27,36,-9,0.4,0,0,0,0,0,0,0,0,0.4,0.2,2,9,27,0.052631578947368474,0.03999999999999998,26
1999-02-20,Middlesbrough,Tottenham,0,0,D,25,32,-1,-1,0.0,33,36,-3,0.28,24,31,44,-12,0.2894736842105263,29,31,-2,0.2916666666666667,0,0,0,0,0,0,0,0,0.0,0.2,1,-45,11,-0.2894736842105263,-0.011666666666666659,-1
1999-02-20,Nott'm Forest,Chelsea,1,3,A,25,16,-1,-1,0.0,21,51,-30,0.12,25,47,63,28,0.5263157894736842,36,20,16,0.48,0,0,0,0,0,0,0,0,0.2,0.6,-31,-64,-29,-0.5263157894736842,-0.36,-46
1999-02-20,Southampton,Newcastle,2,1,H,24,20,48,-5,0.3684210526315789,23,47,-24,0.20833333333333334,25,34,44,-9,0.2894736842105263,33,33,0,0.36,0,0,0,0,1,0,0,0,0.4,0.6,-14,4,4,0.0789473684210526,-0.15166666666666664,-24
1999-02-21,Wimbledon,Aston Villa,0,0,D,24,35,44,-12,0.2631578947368421,29,35,-6,0.375,25,43,57,1,0.4473684210526316,37,27,10,0.48,0,0,0,0,0,0,1,0,0.2,0.2,-8,-13,-13,-0.1842105263157895,-0.10499999999999998,-16
1999-02-27,Aston Villa,Coventry,1,4,A,26,44,57,1,0.4473684210526316,37,27,10,0.46153846153846156,26,24,52,2,0.3157894736842105,24,37,-13,0.23076923076923078,0,0,0,0,0,0,0,0,0.2,0.2,20,5,-1,0.13157894736842107,0.23076923076923078,23
1999-02-27,Charlton,Nott'm Forest,0,0,D,26,26,-1,-1,0.0,31,37,-6,0.23076923076923078,26,16,-1,-1,0.0,22,54,-32,0.11538461538461539,1,0,0,0,0,0,1,0,0.6,0.2,10,0,0,0.0,0.11538461538461539,26
1999-02-27,Chelsea,Liverpool,2,1,H,26,50,63,28,0.5263157894736842,39,21,18,0.5,26,39,65,26,0.4736842105263158,49,32,17,0.4230769230769231,0,0,0,0,0,0,0,0,0.6,0.4,11,-2,2,0.05263157894736836,0.07692307692307693,1
1999-02-27,Everton,Wimbledon,1,1,D,26,27,40,-15,0.2368421052631579,19,28,-9,0.23076923076923078,25,36,44,-12,0.2631578947368421,29,35,-6,0.36,0,0,0,0,0,0,0,0,0.2,0.2,-9,-4,-3,-0.02631578947368418,-0.1292307692307692,-3
1999-02-27,Man United,Southampton,2,1,H,27,54,77,47,0.6052631578947368,61,28,33,0.5555555555555556,25,23,48,-5,0.3684210526315789,25,48,-23,0.24,0,0,0,0,0,0,0,0,0.8,0.6,31,29,52,0.2368421052631579,0.3155555555555556,56
1999-02-27,Sheffield Weds,Middlesbrough,3,1,H,25,32,44,-15,0.3157894736842105,31,24,7,0.36,26,33,-1,-1,0.0,33,36,-3,0.2692307692307692,0,0,0,0,0,0,0,0,0.6,0.0,-1,45,-14,0.3157894736842105,0.09076923076923077,10
1999-02-27,Tottenham,Derby,1,1,D,25,32,44,-12,0.2894736842105263,29,31,-2,0.28,26,37,55,3,0.42105263157894735,25,24,1,0.34615384615384615,0,0,0,0,0,0,0,0,0.0,0.6,-5,-11,-15,-0.13157894736842102,-0.06615384615384612,-3
1999-02-27,West Ham,Blackburn,2,0,H,26,37,56,-1,0.42105263157894735,29,38,-9,0.38461538461538464,26,26,58,5,0.42105263157894735,27,36,-9,0.23076923076923078,0,0,0,0,0,0,0,0,0.2,0.2,11,-2,-6,0.0,0.15384615384615385,0
1999-02-28,Newcastle,Arsenal,1,1,D,26,34,44,-9,0.2894736842105263,34,35,-1,0.34615384615384615,26,49,78,35,0.6052631578947368,34,12,22,0.5,0,0,0,0,0,0,0,0,0.6,0.8,-15,-34,-44,-0.3157894736842105,-0.15384615384615385,-23
1999-03-01,Leicester,Leeds,1,2,A,25,30,53,10,0.34210526315789475,25,34,-9,0.28,26,42,59,11,0.4473684210526316,39,25,14,0.4230769230769231,0,0,0,0,0,0,0,0,0.0,0.6,-12,-6,-1,-0.10526315789473684,-0.14307692307692305,-23
1999-03-02,Tottenham,Southampton,3,0,H,26,33,44,-12,0.2894736842105263,30,32,-2,0.2692307692307692,26,23,48,-5,0.3684210526315789,26,50,-24,0.23076923076923078,0,0,0,0,0,0,0,0,0.0,0.4,10,-4,-7,-0.0789473684210526,0.038461538461538436,22
1999-03-03,Sheffield Weds,Wimbledon,1,2,A,26,35,44,-15,0.3157894736842105,34,25,9,0.38461538461538464,26,37,44,-12,0.2631578947368421,30,36,-6,0.34615384615384615,1,0,0,0,0,0,0,0,0.8,0.0,-2,0,-3,0.05263157894736842,0.03846153846153849,15
1999-03-06,Coventry,Charlton,2,1,H,27,27,52,2,0.3157894736842105,28,38,-10,0.25925925925925924,27,27,-1,-1,0.0,31,37,-6,0.2222222222222222,0,0,0,0,0,0,0,0,0.4,0.6,0,53,3,0.3157894736842105,0.037037037037037035,-4
1999-03-06,Southampton,West Ham,1,0,H,27,23,48,-5,0.3684210526315789,26,53,-27,0.2222222222222222,27,40,56,-1,0.42105263157894735,31,38,-7,0.4074074074074074,0,0,0,0,0,0,0,0,0.4,0.4,-17,-8,-4,-0.05263157894736842,-0.18518518518518517,-20
1999-03-06,Wimbledon,Leicester,0,1,A,27,40,44,-12,0.2631578947368421,32,37,-5,0.37037037037037035,26,30,53,10,0.34210526315789475,26,36,-10,0.2692307692307692,0,0,0,0,0,0,1,0,0.2,0.0,10,-9,-22,-0.07894736842105265,0.10113960113960113,5
1999-03-09,Arsenal,Sheffield Weds,3,0,H,27,50,78,35,0.6052631578947368,35,13,22,0.48148148148148145,27,35,44,-15,0.3157894736842105,35,27,8,0.37037037037037035,0,0,0,0,0,0,0,0,0.6,0.6,15,34,50,0.2894736842105263,0.1111111111111111,14
1999-03-10,Blackburn,Everton,1,2,A,27,26,58,5,0.42105263157894735,27,38,-11,0.2222222222222222,27,28,40,-15,0.2368421052631579,20,29,-9,0.2222222222222222,0,0,0,0,0,0,0,0,0.2,0.2,-2,18,20,0.18421052631578944,0.0,-2
1999-03-10,Derby,Aston Villa,2,1,H,27,38,55,3,0.42105263157894735,26,25,1,0.3333333333333333,27,44,57,1,0.4473684210526316,38,31,7,0.4444444444444444,0,0,0,0,0,0,0,0,0.4,0.0,-6,-2,2,-0.026315789473684237,-0.1111111111111111,-6
1999-03-10,Leeds,Tottenham,2,0,H,27,45,59,11,0.4473684210526316,41,26,15,0.4444444444444444,27,36,44,-12,0.2894736842105263,33,32,1,0.2962962962962963,1,0,0,0,0,0,0,0,0.6,0.2,9,15,23,0.15789473684210525,0.14814814814814814,14
1999-03-10,Nott'm Forest,Newcastle,1,2,A,27,17,-1,-1,0.0,22,54,-32,0.1111111111111111,27,35,44,-9,0.2894736842105263,35,36,-1,0.3333333333333333,0,0,0,0,0,0,0,0,0.2,0.6,-18,-45,8,-0.2894736842105263,-0.2222222222222222,-31
1999-03-13,Chelsea,West Ham,0,1,A,27,53,63,28,0.5263157894736842,41,22,19,0.5185185185185185,28,40,56,-1,0.42105263157894735,31,39,-8,0.39285714285714285,0,0,0,0,0,0,0,0,0.6,0.4,13,7,29,0.10526315789473684,0.12566137566137564,27
1999-03-13,Coventry,Blackburn,1,1,D,28,30,52,2,0.3157894736842105,30,39,-9,0.2857142857142857,28,26,58,5,0.42105263157894735,28,40,-12,0.21428571428571427,0,0,0,0,0,0,1,0,0.4,0.2,4,-6,-3,-0.10526315789473684,0.07142857142857142,3
1999-03-13,Derby,Liverpool,3,2,H,28,41,55,3,0.42105263157894735,28,26,2,0.35714285714285715,27,39,65,26,0.4736842105263158,50,34,16,0.4074074074074074,0,0,0,0,0,0,0,0,0.4,0.2,2,-10,-23,-0.052631578947368474,-0.050264550264550234,-14
1999-03-13,Everton,Arsenal,0,2,A,28,31,40,-15,0.2368421052631579,22,30,-8,0.25,28,53,78,35,0.6052631578947368,38,13,25,0.5,0,0,0,0,0,0,0,0,0.4,0.6,-22,-38,-50,-0.3684210526315789,-0.25,-33
1999-03-13,Leicester,Charlton,1,1,D,27,33,53,10,0.34210526315789475,27,36,-9,0.2962962962962963,28,27,-1,-1,0.0,32,39,-7,0.21428571428571427,0,0,0,0,0,0,0,0,0.2,0.6,6,54,11,0.34210526315789475,0.082010582010582,-2
1999-03-13,Newcastle,Man United,1,2,A,28,38,44,-9,0.2894736842105263,37,37,0,0.35714285714285715,28,57,77,47,0.6052631578947368,63,29,34,0.5714285714285714,0,0,0,0,0,0,0,0,0.6,0.8,-19,-33,-56,-0.3157894736842105,-0.21428571428571425,-34
1999-03-13,Sheffield Weds,Leeds,0,2,A,28,35,44,-15,0.3157894736842105,35,30,5,0.35714285714285715,28,48,59,11,0.4473684210526316,43,26,17,0.4642857142857143,0,0,0,0,1,0,0,0,0.6,0.8,-13,-15,-26,-0.13157894736842107,-0.10714285714285715,-12
1999-03-13,Tottenham,Aston Villa,1,0,H,28,36,44,-12,0.2894736842105263,33,34,-1,0.2857142857142857,28,44,57,1,0.4473684210526316,39,33,6,0.42857142857142855,0,0,0,0,0,0,0,0,0.2,0.0,-8,-13,-13,-0.15789473684210525,-0.14285714285714285,-7
1999-03-13,Wimbledon,Nott'm Forest,1,3,A,28,40,44,-12,0.2631578947368421,32,38,-6,0.35714285714285715,28,17,-1,-1,0.0,23,56,-33,0.10714285714285714,0,0,0,0,0,0,0,0,0.2,0.0,23,45,-11,0.2631578947368421,0.25,27
1999-03-14,Middlesbrough,Southampton,3,0,H,27,33,-1,-1,0.0,34,39,-5,0.25925925925925924,28,26,48,-5,0.3684210526315789,27,53,-26,0.25,0,0,0,0,0,0,0,0,0.0,0.4,7,-49,4,-0.3684210526315789,0.009259259259259245,21
1999-03-20,Arsenal,Coventry,2,0,H,29,56,78,35,0.6052631578947368,40,13,27,0.5172413793103449,29,31,52,2,0.3157894736842105,31,40,-9,0.27586206896551724,0,0,0,0,0,0,0,0,0.6,0.4,25,26,33,0.2894736842105263,0.24137931034482762,36
1999-03-20,Blackburn,Wimbledon,3,1,H,29,27,58,5,0.42105263157894735,29,41,-12,0.20689655172413793,29,40,44,-12,0.2631578947368421,33,41,-8,0.3448275862068966,0,0,0,0,0,0,0,0,0.0,0.2,-13,14,17,0.15789473684210525,-0.13793103448275865,-4
1999-03-20,Leeds,Derby,4,1,H,29,51,59,11,0.4473684210526316,45,26,19,0.4827586206896552,29,44,55,3,0.42105263157894735,31,28,3,0.3793103448275862,1,1,0,0,0,0,0,0,1.0,0.6,7,4,8,0.026315789473684237,0.103448275862069,16
1999-03-20,Nott'm Forest,Middlesbrough,1,2,A,29,20,-1,-1,0.0,26,57,-31,0.13793103448275862,28,36,-1,-1,0.0,37,39,-2,0.2857142857142857,0,0,0,0,0,0,0,0,0.2,0.2,-16,0,0,0.0,-0.14778325123152708,-29
1999-03-20,Southampton,Sheffield Weds,1,0,H,29,26,48,-5,0.3684210526315789,27,56,-29,0.2413793103448276,29,35,44,-15,0.3157894736842105,35,32,3,0.3448275862068966,0,0,0,0,0,0,1,0,0.4,0.4,-9,4,10,0.05263157894736842,-0.10344827586206898,-32
1999-03-20,West Ham,Newcastle,2,0,H,29,43,56,-1,0.42105263157894735,32,39,-7,0.41379310344827586,29,38,44,-9,0.2894736842105263,38,39,-1,0.3448275862068966,0,0,0,0,0,0,0,0,0.6,0.4,5,12,8,0.13157894736842102,0.06896551724137928,-6
1999-03-21,Aston Villa,Chelsea,0,3,A,29,44,57,1,0.4473684210526316,39,34,5,0.41379310344827586,28,53,63,28,0.5263157894736842,41,23,18,0.5,0,0,1,0,0,0,0,0,0.0,0.6,-9,-6,-27,-0.0789473684210526,-0.08620689655172414,-13
1999-03-21,Man United,Everton,3,1,H,29,60,77,47,0.6052631578947368,65,30,35,0.5862068965517241,29,31,40,-15,0.2368421052631579,22,32,-10,0.2413793103448276,1,0,0,0,0,0,0,0,0.8,0.4,29,37,62,0.3684210526315789,0.34482758620689646,45
1999-04-02,Aston Villa,West Ham,0,0,D,30,44,57,1,0.4473684210526316,39,37,2,0.4,30,46,56,-1,0.42105263157894735,34,39,-5,0.43333333333333335,0,0,1,0,0,0,0,0,0.0,0.6,-2,1,2,0.026315789473684237,-0.033333333333333326,7
1999-04-03,Blackburn,Middlesbrough,0,0,D,30,30,58,5,0.42105263157894735,32,42,-10,0.23333333333333334,29,39,-1,-1,0.0,39,40,-1,0.3103448275862069,0,0,0,0,0,0,0,0,0.2,0.4,-9,59,6,0.42105263157894735,-0.07701149425287357,-9
1999-04-03,Charlton,Chelsea,0,1,A,29,28,-1,-1,0.0,33,40,-7,0.20689655172413793,29,56,63,28,0.5263157894736842,44,23,21,0.5172413793103449,0,0,0,0,0,0,0,0,0.4,0.6,-28,-64,-29,-0.5263157894736842,-0.31034482758620696,-28
1999-04-03,Derby,Newcastle,3,4,A,30,44,55,3,0.42105263157894735,32,32,0,0.36666666666666664,30,38,44,-9,0.2894736842105263,38,41,-3,0.3333333333333333,0,0,0,0,0,0,0,0,0.4,0.2,6,11,12,0.13157894736842102,0.033333333333333326,3
1999-04-03,Leeds,Nott'm Forest,3,1,H,30,54,59,11,0.4473684210526316,49,27,22,0.5,30,20,-1,-1,0.0,27,59,-32,0.13333333333333333,1,1,0,0,0,0,0,0,1.0,0.2,34,60,12,0.4473684210526316,0.3666666666666667,54
1999-04-03,Liverpool,Everton,3,2,H,28,39,65,26,0.4736842105263158,52,37,15,0.39285714285714285,30,31,40,-15,0.2368421052631579,23,35,-12,0.23333333333333334,0,0,0,0,0,0,0,0,0.2,0.2,8,25,41,0.2368421052631579,0.1595238095238095,27
1999-04-03,Sheffield Weds,Coventry,1,2,A,30,35,44,-15,0.3157894736842105,35,33,2,0.3333333333333333,30,31,52,2,0.3157894736842105,31,42,-11,0.26666666666666666,0,0,1,0,0,0,0,0,0.2,0.4,4,-8,-17,0.0,0.06666666666666665,13
1999-04-03,Southampton,Arsenal,0,0,D,30,29,48,-5,0.3684210526315789,28,56,-28,0.26666666666666666,30,59,78,35,0.6052631578947368,42,13,29,0.5333333333333333,0,0,0,0,1,0,0,0,0.4,0.8,-30,-30,-40,-0.2368421052631579,-0.26666666666666666,-57
1999-04-03,Tottenham,Leicester,0,2,A,29,39,44,-12,0.2894736842105263,34,34,0,0.3103448275862069,28,34,53,10,0.34210526315789475,28,37,-9,0.2857142857142857,0,0,0,0,0,0,0,0,0.4,0.2,5,-9,-22,-0.05263157894736842,0.024630541871921208,9
1999-04-03,Wimbledon,Man United,1,1,D,30,40,44,-12,0.2631578947368421,34,44,-10,0.3333333333333333,30,63,77,47,0.6052631578947368,68,31,37,0.6,0,0,1,0,1,0,0,0,0.2,0.8,-23,-33,-59,-0.34210526315789475,-0.26666666666666666,-47
1999-04-05,Coventry,Southampton,1,0,H,31,34,52,2,0.3157894736842105,33,43,-10,0.2903225806451613,31,30,48,-5,0.3684210526315789,28,56,-28,0.25806451612903225,0,0,0,0,0,0,0,0,0.6,0.4,4,4,7,-0.05263157894736842,0.03225806451612906,18
1999-04-05,Everton,Sheffield Weds,1,2,A,31,31,40,-15,0.2368421052631579,25,38,-13,0.22580645161290322,31,35,44,-15,0.3157894736842105,36,35,1,0.3225806451612903,0,0,1,0,0,0,1,1,0.2,0.0,-4,-4,0,-0.0789473684210526,-0.0967741935483871,-14
1999-04-05,Middlesbrough,Wimbledon,3,1,H,30,40,-1,-1,0.0,39,40,-1,0.3,31,41,44,-12,0.2631578947368421,35,45,-10,0.3225806451612903,0,0,0,0,0,0,0,0,0.4,0.2,-1,-45,11,-0.2631578947368421,-0.022580645161290325,9
1999-04-05,Newcastle,Tottenham,1,1,D,31,41,44,-9,0.2894736842105263,42,44,-2,0.3548387096774194,30,39,44,-12,0.2894736842105263,34,36,-2,0.3,0,0,0,0,0,0,0,0,0.4,0.4,2,0,3,0.0,0.054838709677419384,0
1999-04-05,Nott'm Forest,Liverpool,2,2,D,31,20,-1,-1,0.0,28,62,-34,0.12903225806451613,29,42,65,26,0.4736842105263158,55,39,16,0.41379310344827586,0,0,0,0,0,0,0,0,0.2,0.2,-22,-66,-27,-0.4736842105263158,-0.28476084538375973,-50
1999-04-05,West Ham,Charlton,0,1,A,31,47,56,-1,0.42105263157894735,34,39,-5,0.41935483870967744,30,28,-1,-1,0.0,33,41,-8,0.2,0,0,0,0,0,0,0,0,0.6,0.2,19,57,0,0.42105263157894735,0.21935483870967742,3
1999-04-06,Arsenal,Blackburn,1,0,H,31,60,78,35,0.6052631578947368,42,13,29,0.5161290322580645,31,31,58,5,0.42105263157894735,32,42,-10,0.22580645161290322,0,0,0,0,0,0,0,0,0.6,0.2,29,20,30,0.1842105263157895,0.29032258064516125,39
1999-04-06,Leicester,Aston Villa,2,2,D,29,37,53,10,0.34210526315789475,30,37,-7,0.3103448275862069,31,45,57,1,0.4473684210526316,39,37,2,0.3870967741935484,0,0,0,0,0,0,0,0,0.4,0.0,-8,-4,9,-0.10526315789473684,-0.07675194660734147,-9
1999-04-10,Aston Villa,Southampton,3,0,H,32,46,57,1,0.4473684210526316,41,39,2,0.375,32,30,48,-5,0.3684210526315789,28,57,-29,0.25,0,0,0,0,0,0,0,0,0.0,0.4,16,9,6,0.07894736842105265,0.125,31
1999-04-10,Derby,Nott'm Forest,1,0,H,31,44,55,3,0.42105263157894735,35,36,-1,0.3548387096774194,32,21,-1,-1,0.0,30,64,-34,0.125,0,0,0,0,0,0,0,0,0.4,0.2,23,56,4,0.42105263157894735,0.22983870967741937,33
1999-04-10,Leicester,West Ham,0,0,D,30,38,53,10,0.34210526315789475,32,39,-7,0.3,32,47,56,-1,0.42105263157894735,34,40,-6,0.40625,0,0,0,0,0,0,0,0,0.4,0.4,-9,-3,11,-0.0789473684210526,-0.10625000000000001,-1
1999-04-10,Middlesbrough,Charlton,2,0,H,31,43,-1,-1,0.0,42,41,1,0.3225806451612903,31,31,-1,-1,0.0,34,41,-7,0.22580645161290322,0,0,0,0,0,0,0,0,0.6,0.2,12,0,0,0.0,0.0967741935483871,8
1999-04-11,Everton,Coventry,2,0,H,32,31,40,-15,0.2368421052631579,26,40,-14,0.21875,32,37,52,2,0.3157894736842105,34,43,-9,0.3125,0,0,1,0,0,0,0,0,0.2,0.6,-6,-12,-17,-0.0789473684210526,-0.09375,-5
1999-04-11,Wimbledon,Chelsea,1,2,A,32,41,44,-12,0.2631578947368421,36,48,-12,0.3125,30,59,63,28,0.5263157894736842,45,23,22,0.5333333333333333,0,0,0,0,0,0,0,0,0.0,0.8,-18,-19,-40,-0.2631578947368421,-0.22083333333333333,-34
1999-04-12,Leeds,Liverpool,0,0,D,31,57,59,11,0.4473684210526316,52,28,24,0.5161290322580645,30,43,65,26,0.4736842105263158,57,41,16,0.4,1,1,0,0,0,0,0,0,1.0,0.2,14,-6,-15,-0.026315789473684237,0.11612903225806448,8
1999-04-14,Middlesbrough,Chelsea,0,0,D,32,46,-1,-1,0.0,44,41,3,0.34375,31,62,63,28,0.5263157894736842,47,24,23,0.5483870967741935,0,0,0,0,1,0,0,0,0.8,0.8,-16,-64,-29,-0.5263157894736842,-0.2046370967741935,-20
1999-04-17,Charlton,Leeds,1,1,D,32,31,-1,-1,0.0,34,43,-9,0.21875,32,58,59,11,0.4473684210526316,52,28,24,0.5,0,0,0,0,0,0,0,0,0.2,0.8,-27,-60,-12,-0.4473684210526316,-0.28125,-33
1999-04-17,Coventry,Middlesbrough,1,2,A,33,37,52,2,0.3157894736842105,34,45,-11,0.30303030303030304,33,47,-1,-1,0.0,44,41,3,0.3333333333333333,0,0,0,0,0,0,0,0,0.4,0.6,-10,53,3,0.3157894736842105,-0.030303030303030276,-14
1999-04-17,Liverpool,Aston Villa,0,1,A,31,44,65,26,0.4736842105263158,57,41,16,0.3870967741935484,33,49,57,1,0.4473684210526316,44,39,5,0.3939393939393939,0,0,0,0,0,0,0,0,0.2,0.2,-5,8,25,0.026315789473684237,-0.006842619745845546,11
1999-04-17,Man United,Sheffield Weds,3,0,H,31,64,77,47,0.6052631578947368,69,32,37,0.5806451612903226,32,38,44,-15,0.3157894736842105,38,36,2,0.34375,0,0,0,0,0,0,0,0,0.8,0.2,26,33,62,0.2894736842105263,0.23689516129032262,35
1999-04-17,Newcastle,Everton,1,3,A,32,42,44,-9,0.2894736842105263,43,45,-2,0.34375,33,34,40,-15,0.2368421052631579,28,40,-12,0.24242424242424243,0,0,0,0,0,0,0,0,0.4,0.2,8,4,6,0.05263157894736842,0.10132575757575757,10
1999-04-17,Nott'm Forest,Tottenham,0,1,A,33,21,-1,-1,0.0,30,65,-35,0.12121212121212122,31,40,44,-12,0.2894736842105263,35,37,-2,0.2903225806451613,0,0,0,0,0,0,0,0,0.2,0.4,-19,-45,11,-0.2894736842105263,-0.1691104594330401,-33
1999-04-17,Southampton,Blackburn,3,3,D,33,30,48,-5,0.3684210526315789,28,60,-32,0.24242424242424243,32,31,58,5,0.42105263157894735,32,43,-11,0.21875,0,0,0,0,0,0,0,0,0.2,0.2,-1,-10,-10,-0.05263157894736842,0.02367424242424243,-21
1999-04-17,West Ham,Derby,5,1,H,33,48,56,-1,0.42105263157894735,34,40,-6,0.3939393939393939,32,47,55,3,0.42105263157894735,36,36,0,0.375,0,0,0,0,0,0,0,0,0.4,0.6,1,1,-4,0.0,0.018939393939393923,-6
1999-04-18,Chelsea,Leicester,2,2,D,32,63,63,28,0.5263157894736842,47,24,23,0.53125,31,39,53,10,0.34210526315789475,32,39,-7,0.2903225806451613,0,0,0,0,0,0,0,0,0.6,0.4,24,10,18,0.18421052631578944,0.2409274193548387,30
1999-04-19,Arsenal,Wimbledon,5,1,H,32,63,78,35,0.6052631578947368,43,13,30,0.53125,33,41,44,-12,0.2631578947368421,37,50,-13,0.30303030303030304,0,0,0,0,0,0,0,0,0.8,0.0,22,34,47,0.34210526315789475,0.22821969696969696,43
1999-04-20,Charlton,Tottenham,1,4,A,33,32,-1,-1,0.0,35,44,-9,0.21212121212121213,32,43,44,-12,0.2894736842105263,36,37,-1,0.3125,0,0,0,0,0,0,0,0,0.2,0.4,-11,-45,11,-0.2894736842105263,-0.10037878787878787,-8
1999-04-21,Liverpool,Leicester,0,1,A,32,44,65,26,0.4736842105263158,57,42,15,0.375,32,40,53,10,0.34210526315789475,34,41,-7,0.28125,0,0,0,0,0,0,0,0,0.2,0.2,4,12,16,0.13157894736842107,0.09375,22
1999-04-21,Sheffield Weds,Newcastle,1,1,D,33,38,44,-15,0.3157894736842105,38,39,-1,0.3333333333333333,33,42,44,-9,0.2894736842105263,44,48,-4,0.3333333333333333,0,0,0,0,0,0,0,0,0.2,0.2,-4,0,-6,0.02631578947368418,0.0,3
1999-04-24,Aston Villa,Nott'm Forest,2,0,H,34,52,57,1,0.4473684210526316,45,39,6,0.4117647058823529,34,21,-1,-1,0.0,30,66,-36,0.11764705882352941,0,0,0,0,0,0,0,0,0.4,0.0,31,58,2,0.4473684210526316,0.2941176470588235,42
1999-04-24,Blackburn,Liverpool,1,3,A,33,32,58,5,0.42105263157894735,35,46,-11,0.21212121212121213,33,44,65,26,0.4736842105263158,57,43,14,0.36363636363636365,0,0,0,0,0,0,0,0,0.2,0.2,-12,-7,-21,-0.052631578947368474,-0.15151515151515152,-25
1999-04-24,Derby,Southampton,0,0,D,33,47,55,3,0.42105263157894735,37,41,-4,0.36363636363636365,34,31,48,-5,0.3684210526315789,31,63,-32,0.23529411764705882,0,0,0,0,0,0,0,0,0.4,0.2,16,7,8,0.05263157894736842,0.12834224598930483,28
1999-04-24,Everton,Charlton,4,1,H,34,37,40,-15,0.2368421052631579,31,41,-10,0.2647058823529412,34,32,-1,-1,0.0,36,48,-12,0.20588235294117646,0,0,0,0,0,0,0,0,0.4,0.2,5,41,-14,0.2368421052631579,0.05882352941176472,2
1999-04-24,Leicester,Coventry,1,0,H,33,43,53,10,0.34210526315789475,35,41,-6,0.30303030303030304,34,37,52,2,0.3157894736842105,35,47,-12,0.29411764705882354,0,0,0,0,0,0,0,0,0.4,0.4,6,1,8,0.026315789473684237,0.0089126559714795,6
1999-04-24,Middlesbrough,Arsenal,1,6,A,34,50,-1,-1,0.0,46,42,4,0.35294117647058826,33,66,78,35,0.6052631578947368,48,14,34,0.5454545454545454,0,0,0,0,0,0,0,0,0.6,0.8,-16,-79,-36,-0.6052631578947368,-0.19251336898395716,-30
1999-04-24,Tottenham,West Ham,1,2,A,33,46,44,-12,0.2894736842105263,40,38,2,0.3333333333333333,34,51,56,-1,0.42105263157894735,39,41,-2,0.4117647058823529,0,0,0,0,0,0,0,0,0.6,0.4,-5,-12,-11,-0.13157894736842102,-0.0784313725490196,4
1999-04-24,Wimbledon,Newcastle,1,1,D,34,41,44,-12,0.2631578947368421,38,55,-17,0.29411764705882354,34,43,44,-9,0.2894736842105263,45,49,-4,0.3235294117647059,0,0,1,0,0,0,0,0,0.0,0.2,-2,0,-3,-0.026315789473684237,-0.02941176470588236,-13
1999-04-25,Leeds,Man United,1,1,D,33,59,59,11,0.4473684210526316,53,29,24,0.48484848484848486,32,67,77,47,0.6052631578947368,72,32,40,0.59375,0,0,0,0,0,0,0,0,0.6,0.8,-8,-18,-36,-0.15789473684210525,-0.10890151515151514,-16
1999-04-25,Sheffield Weds,Chelsea,0,0,D,34,39,44,-15,0.3157894736842105,39,40,-1,0.3235294117647059,33,64,63,28,0.5263157894736842,49,26,23,0.5151515151515151,0,0,0,0,0,0,0,0,0.2,0.6,-25,-19,-43,-0.21052631578947367,-0.19162210338680924,-24
1999-05-01,Charlton,Blackburn,0,0,D,35,32,-1,-1,0.0,37,52,-15,0.2,34,32,58,5,0.42105263157894735,36,49,-13,0.20588235294117646,0,0,0,0,0,0,0,0,0.2,0.2,0,-59,-6,-0.42105263157894735,-0.00588235294117645,-2
1999-05-01,Chelsea,Everton,3,1,H,34,65,63,28,0.5263157894736842,49,26,23,0.5,35,40,40,-15,0.2368421052631579,35,42,-7,0.2857142857142857,0,0,0,0,1,0,0,0,0.4,0.6,25,23,43,0.28947368421052627,0.2142857142857143,30
1999-05-01,Coventry,Wimbledon,2,1,H,35,37,52,2,0.3157894736842105,35,48,-13,0.2857142857142857,35,42,44,-12,0.2631578947368421,39,56,-17,0.2857142857142857,0,0,1,0,0,0,0,0,0.4,0.0,-5,8,14,0.05263157894736842,0.0,4
1999-05-01,Liverpool,Tottenham,3,2,H,34,47,65,26,0.4736842105263158,60,44,16,0.38235294117647056,34,46,44,-12,0.2894736842105263,41,40,1,0.3235294117647059,0,0,0,0,0,0,0,0,0.2,0.4,1,21,38,0.1842105263157895,0.05882352941176466,15
1999-05-01,Man United,Aston Villa,2,1,H,33,68,77,47,0.6052631578947368,73,33,40,0.5757575757575758,35,55,57,1,0.4473684210526316,47,39,8,0.42857142857142855,0,0,0,0,1,0,0,0,0.6,0.6,13,20,46,0.15789473684210525,0.14718614718614725,32
1999-05-01,Newcastle,Middlesbrough,1,1,D,35,44,44,-9,0.2894736842105263,46,50,-4,0.3142857142857143,35,50,-1,-1,0.0,47,48,-1,0.34285714285714286,0,0,0,0,0,0,0,0,0.2,0.6,-6,45,-8,0.2894736842105263,-0.02857142857142858,-3
1999-05-01,Nott'm Forest,Sheffield Weds,2,0,H,35,21,-1,-1,0.0,30,68,-38,0.11428571428571428,35,40,44,-15,0.3157894736842105,39,40,-1,0.3142857142857143,0,0,1,0,0,0,0,0,0.0,0.2,-19,-45,14,-0.3157894736842105,-0.2,-37
1999-05-01,Southampton,Leicester,2,1,H,35,32,48,-5,0.3684210526315789,31,63,-32,0.22857142857142856,34,46,53,10,0.34210526315789475,36,41,-5,0.3235294117647059,0,0,0,0,0,0,0,0,0.0,0.4,-14,-5,-15,0.02631578947368418,-0.09495798319327733,-27
1999-05-01,West Ham,Leeds,1,5,A,35,54,56,-1,0.42105263157894735,41,42,-1,0.42857142857142855,34,60,59,11,0.4473684210526316,54,30,24,0.47058823529411764,0,0,0,0,0,0,0,0,0.4,0.4,-6,-3,-12,-0.026315789473684237,-0.04201680672268909,-25
1999-05-02,Arsenal,Derby,1,0,H,34,69,78,35,0.6052631578947368,54,15,39,0.5588235294117647,34,48,55,3,0.42105263157894735,37,41,-4,0.35294117647058826,1,0,0,0,0,0,0,0,0.8,0.2,21,23,32,0.1842105263157895,0.20588235294117646,43
1999-05-05,Chelsea,Leeds,1,0,H,35,68,63,28,0.5263157894736842,52,27,25,0.5142857142857142,35,63,59,11,0.4473684210526316,59,31,28,0.4857142857142857,0,0,0,0,0,0,0,0,0.4,0.4,5,4,17,0.0789473684210526,0.028571428571428525,-3
1999-05-05,Leicester,Derby,1,2,A,35,46,53,10,0.34210526315789475,37,43,-6,0.3142857142857143,35,48,55,3,0.42105263157894735,37,42,-5,0.34285714285714286,0,0,0,0,0,0,0,0,0.4,0.2,-2,-2,7,-0.0789473684210526,-0.02857142857142858,-1
1999-05-05,Liverpool,Man United,2,2,D,35,50,65,26,0.4736842105263158,63,46,17,0.4,34,71,77,47,0.6052631578947368,75,34,41,0.5882352941176471,0,0,0,0,0,0,0,0,0.4,0.6,-21,-12,-21,-0.13157894736842102,-0.18823529411764706,-24
1999-05-05,Tottenham,Arsenal,1,3,A,35,46,44,-12,0.2894736842105263,43,43,0,0.3142857142857143,35,72,78,35,0.6052631578947368,55,15,40,0.5714285714285714,0,0,0,0,1,0,0,0,0.4,0.8,-26,-34,-47,-0.3157894736842105,-0.2571428571428571,-40
1999-05-08,Aston Villa,Charlton,3,4,A,36,55,57,1,0.4473684210526316,48,41,7,0.4166666666666667,36,33,-1,-1,0.0,37,52,-15,0.19444444444444445,0,0,0,0,0,0,0,0,0.6,0.0,22,58,2,0.4473684210526316,0.22222222222222224,22
1999-05-08,Blackburn,Nott'm Forest,1,2,A,35,33,58,5,0.42105263157894735,36,49,-13,0.2,36,24,-1,-1,0.0,32,68,-36,0.1388888888888889,0,0,0,0,0,0,0,0,0.0,0.2,9,59,6,0.42105263157894735,0.061111111111111116,23
1999-05-08,Derby,Coventry,0,0,D,36,51,55,3,0.42105263157894735,39,43,-4,0.3611111111111111,36,40,52,2,0.3157894736842105,37,49,-12,0.3055555555555556,0,0,0,0,0,0,0,0,0.4,0.4,11,3,1,0.10526315789473684,0.055555555555555525,8
1999-05-08,Everton,West Ham,6,0,H,36,40,40,-15,0.2368421052631579,36,45,-9,0.2777777777777778,36,54,56,-1,0.42105263157894735,42,47,-5,0.4166666666666667,0,0,0,0,0,0,0,0,0.6,0.4,-14,-16,-14,-0.18421052631578944,-0.1388888888888889,-4
1999-05-08,Leicester,Newcastle,2,0,H,36,46,53,10,0.34210526315789475,38,45,-7,0.3055555555555556,36,45,44,-9,0.2894736842105263,47,51,-4,0.3055555555555556,0,0,0,0,0,0,0,0,0.4,0.0,1,9,19,0.05263157894736842,0.0,-3
1999-05-08,Sheffield Weds,Liverpool,1,0,H,36,40,44,-15,0.3157894736842105,39,42,-3,0.3055555555555556,36,51,65,26,0.4736842105263158,65,48,17,0.3888888888888889,0,0,0,0,0,0,0,0,0.2,0.4,-11,-21,-41,-0.1578947368421053,-0.08333333333333331,-20
1999-05-08,Wimbledon,Southampton,0,2,A,36,42,44,-12,0.2631578947368421,40,58,-18,0.2777777777777778,36,35,48,-5,0.3684210526315789,33,64,-31,0.25,0,0,0,0,0,0,0,0,0.0,0.2,7,-4,-7,-0.10526315789473684,0.02777777777777779,13
1999-05-09,Middlesbrough,Man United,0,1,A,36,51,-1,-1,0.0,48,49,-1,0.3333333333333333,35,72,77,47,0.6052631578947368,77,36,41,0.5714285714285714,0,0,0,0,0,0,0,0,0.4,0.4,-21,-78,-48,-0.6052631578947368,-0.23809523809523808,-42
1999-05-10,Tottenham,Chelsea,2,2,D,36,46,44,-12,0.2894736842105263,44,46,-2,0.3055555555555556,36,71,63,28,0.5263157894736842,53,27,26,0.5277777777777778,0,0,1,0,0,0,0,0,0.4,0.4,-25,-19,-40,-0.23684210526315785,-0.2222222222222222,-28
1999-05-11,Leeds,Arsenal,1,0,H,36,63,59,11,0.4473684210526316,59,32,27,0.4722222222222222,36,75,78,35,0.6052631578947368,58,16,42,0.5833333333333334,0,0,0,0,1,1,0,0,0.2,1.0,-12,-19,-24,-0.15789473684210525,-0.11111111111111116,-15
1999-05-12,Blackburn,Man United,0,0,D,36,33,58,5,0.42105263157894735,37,51,-14,0.19444444444444445,36,75,77,47,0.6052631578947368,78,36,42,0.5833333333333334,0,0,0,0,0,0,0,0,0.0,0.6,-42,-19,-42,-0.1842105263157895,-0.38888888888888895,-56
1999-05-16,Arsenal,Aston Villa,1,0,H,37,75,78,35,0.6052631578947368,58,17,41,0.5675675675675675,37,55,57,1,0.4473684210526316,51,45,6,0.40540540540540543,0,0,0,0,0,0,0,0,0.8,0.6,20,21,34,0.15789473684210525,0.16216216216216212,35
1999-05-16,Charlton,Sheffield Weds,0,1,A,37,36,-1,-1,0.0,41,55,-14,0.21621621621621623,37,43,44,-15,0.3157894736842105,40,42,-2,0.32432432432432434,0,0,0,0,0,0,0,0,0.2,0.2,-7,-45,14,-0.3157894736842105,-0.10810810810810811,-12
1999-05-16,Chelsea,Derby,2,1,H,37,72,63,28,0.5263157894736842,55,29,26,0.5135135135135135,37,52,55,3,0.42105263157894735,39,43,-4,0.35135135135135137,0,0,0,0,0,0,0,0,0.4,0.2,20,8,25,0.10526315789473684,0.16216216216216212,30
1999-05-16,Coventry,Leeds,2,2,D,37,41,52,2,0.3157894736842105,37,49,-12,0.2972972972972973,37,66,59,11,0.4473684210526316,60,32,28,0.4864864864864865,0,0,0,0,0,0,0,0,0.2,0.4,-25,-7,-9,-0.13157894736842107,-0.1891891891891892,-40
1999-05-16,Liverpool,Wimbledon,3,0,H,37,51,65,26,0.4736842105263158,65,49,16,0.3783783783783784,37,42,44,-12,0.2631578947368421,40,60,-20,0.2702702702702703,0,0,0,0,0,0,0,0,0.4,0.0,9,21,38,0.21052631578947373,0.10810810810810811,36
1999-05-16,Man United,Tottenham,2,1,H,37,76,77,47,0.6052631578947368,78,36,42,0.5675675675675675,37,47,44,-12,0.2894736842105263,46,48,-2,0.2972972972972973,0,0,0,0,0,0,0,0,0.4,0.2,29,33,59,0.3157894736842105,0.27027027027027023,44
1999-05-16,Newcastle,Blackburn,1,1,D,37,45,44,-9,0.2894736842105263,47,53,-6,0.2972972972972973,37,34,58,5,0.42105263157894735,37,51,-14,0.1891891891891892,0,0,0,0,0,0,0,0,0.0,0.0,11,-14,-14,-0.13157894736842102,0.10810810810810811,8
1999-05-16,Nott'm Forest,Leicester,1,0,H,37,27,-1,-1,0.0,34,69,-35,0.16216216216216217,37,49,53,10,0.34210526315789475,40,45,-5,0.32432432432432434,0,0,0,0,0,0,0,0,0.4,0.6,-22,-54,-11,-0.34210526315789475,-0.16216216216216217,-30
1999-05-16,Southampton,Everton,2,0,H,37,38,48,-5,0.3684210526315789,35,64,-29,0.2702702702702703,37,43,40,-15,0.2368421052631579,42,45,-3,0.2972972972972973,0,0,0,0,0,0,0,0,0.4,0.8,-5,8,10,0.13157894736842102,-0.02702702702702703,-26
1999-05-16,West Ham,Middlesbrough,4,0,H,37,54,56,-1,0.42105263157894735,42,53,-11,0.40540540540540543,37,51,-1,-1,0.0,48,50,-2,0.32432432432432434,0,0,0,0,0,0,0,0,0.4,0.2,3,57,0,0.42105263157894735,0.08108108108108109,-9
