Date,HomeTeam,AwayTeam,FTHG,FTAG,FTR,HT_match_played,HT_current_standing,HT_past_standing,HT_past_goal_diff,HT_past_win_rate,HT_goal_for,HT_goal_against,HT_goal_diff,HT_win_rate_season,AT_match_played,AT_current_standing,AT_past_standing,AT_past_goal_diff,AT_past_win_rate,AT_goal_for,AT_goal_against,AT_goal_diff,AT_win_rate_season,HT_3_win_streak,HT_5_win_streak,HT_3_lose_Streak,HT_5_lose_Streak,AT_3_win_streak,AT_5_win_streak,AT_3_lose_Streak,AT_5_lose_Streak,HT_5_win_rate,AT_5_win_rate,current_standing_diff,past_standing_diff,past_goal_diff_diff,past_win_rate_diff,win_rate_season_diff,goal_diff_diff
2000-08-19,Charlton,Man City,4,0,H,0,0,-1,-1,0.0,0,0,0,,0,0,-1,-1,0.0,0,0,0,,0,0,0,0,0,0,0,0,,,0,0,0,0.0,,0
2000-08-19,Chelsea,West Ham,4,2,H,0,0,65,19,0.4736842105263158,0,0,0,,0,0,55,-1,0.3947368421052632,0,0,0,,0,0,0,0,0,0,0,0,,,0,10,20,0.0789473684210526,,0
2000-08-19,Coventry,Middlesbrough,1,3,A,0,0,44,-7,0.3157894736842105,0,0,0,,0,0,52,-6,0.3684210526315789,0,0,0,,0,0,0,0,0,0,0,0,,,0,-8,-1,-0.05263157894736842,,0
2000-08-19,Derby,Southampton,2,2,D,0,0,38,-13,0.2368421052631579,0,0,0,,0,0,44,-17,0.3157894736842105,0,0,0,,0,0,0,0,0,0,0,0,,,0,-6,4,-0.0789473684210526,,0
2000-08-19,Leeds,Everton,2,0,H,0,0,69,15,0.5526315789473685,0,0,0,,0,0,50,10,0.3157894736842105,0,0,0,,0,0,0,0,0,0,0,0,,,0,19,5,0.23684210526315796,,0
2000-08-19,Leicester,Aston Villa,0,0,D,0,0,55,0,0.42105263157894735,0,0,0,,0,0,58,11,0.3947368421052632,0,0,0,,0,0,0,0,0,0,0,0,,,0,-3,-11,0.026315789473684126,,0
2000-08-19,Liverpool,Bradford,1,0,H,0,0,67,21,0.5,0,0,0,,0,0,36,-30,0.2368421052631579,0,0,0,,0,0,0,0,0,0,0,0,,,0,31,51,0.2631578947368421,,0
2000-08-19,Sunderland,Arsenal,1,0,H,0,0,58,1,0.42105263157894735,0,0,0,,0,0,73,30,0.5789473684210527,0,0,0,,0,0,0,0,0,0,0,0,,,0,-15,-29,-0.1578947368421053,,0
2000-08-19,Tottenham,Ipswich,3,1,H,0,0,53,8,0.3947368421052632,0,0,0,,0,0,-1,-1,0.0,0,0,0,,0,0,0,0,0,0,0,0,,,0,54,9,0.3947368421052632,,0
2000-08-20,Man United,Newcastle,2,0,H,0,0,91,52,0.7368421052631579,0,0,0,,0,0,52,9,0.3684210526315789,0,0,0,,0,0,0,0,0,0,0,0,,,0,39,43,0.3684210526315789,,0
2000-08-21,Arsenal,Liverpool,2,0,H,1,0,73,30,0.5789473684210527,0,1,-1,0.0,1,3,67,21,0.5,1,0,1,1.0,0,0,0,0,0,0,0,0,,,-3,6,9,0.07894736842105265,-1.0,-2
2000-08-22,Bradford,Chelsea,2,0,H,1,0,36,-30,0.2368421052631579,0,1,-1,0.0,1,3,65,19,0.4736842105263158,4,2,2,1.0,0,0,0,0,0,0,0,0,,,-3,-29,-49,-0.2368421052631579,-1.0,-3
2000-08-22,Ipswich,Man United,1,1,D,1,0,-1,-1,0.0,1,3,-2,0.0,1,3,91,52,0.7368421052631579,2,0,2,1.0,0,0,0,0,0,0,0,0,,,-3,-92,-53,-0.7368421052631579,-1.0,-4
2000-08-22,Middlesbrough,Tottenham,1,1,D,1,3,52,-6,0.3684210526315789,3,1,2,1.0,1,3,53,8,0.3947368421052632,3,1,2,1.0,0,0,0,0,0,0,0,0,,,0,-1,-14,-0.026315789473684292,0.0,0
2000-08-23,Everton,Charlton,3,0,H,1,0,50,10,0.3157894736842105,0,2,-2,0.0,1,3,-1,-1,0.0,4,0,4,1.0,0,0,0,0,0,0,0,0,,,-3,51,11,0.3157894736842105,-1.0,-6
2000-08-23,Man City,Sunderland,4,2,H,1,0,-1,-1,0.0,0,4,-4,0.0,1,3,58,1,0.42105263157894735,1,0,1,1.0,0,0,0,0,0,0,0,0,,,-3,-59,-2,-0.42105263157894735,-1.0,-5
2000-08-23,Newcastle,Derby,3,2,H,1,0,52,9,0.3684210526315789,0,2,-2,0.0,1,1,38,-13,0.2368421052631579,2,2,0,0.0,0,0,0,0,0,0,0,0,,,-1,14,22,0.13157894736842102,0.0,-2
2000-08-23,Southampton,Coventry,1,2,A,1,1,44,-17,0.3157894736842105,2,2,0,0.0,1,0,44,-7,0.3157894736842105,1,3,-2,0.0,0,0,0,0,0,0,0,0,,,1,0,-10,0.0,0.0,2
2000-08-23,West Ham,Leicester,0,1,A,1,0,55,-1,0.3947368421052632,2,4,-2,0.0,1,1,55,0,0.42105263157894735,0,0,0,0.0,0,0,0,0,0,0,0,0,,,-1,0,-1,-0.026315789473684126,0.0,-2
2000-08-26,Arsenal,Charlton,5,3,H,2,3,73,30,0.5789473684210527,2,1,1,0.5,2,3,-1,-1,0.0,4,3,1,0.5,0,0,0,0,0,0,0,0,,,0,74,31,0.5789473684210527,0.0,0
2000-08-26,Bradford,Leicester,0,0,D,2,3,36,-30,0.2368421052631579,2,1,1,0.5,2,4,55,0,0.42105263157894735,1,0,1,0.5,0,0,0,0,0,0,0,0,,,-1,-19,-30,-0.18421052631578944,0.0,0
2000-08-26,Everton,Derby,2,2,D,2,3,50,10,0.3157894736842105,3,2,1,0.5,2,1,38,-13,0.2368421052631579,4,5,-1,0.0,0,0,0,0,0,0,0,0,,,2,12,23,0.0789473684210526,0.5,2
2000-08-26,Ipswich,Sunderland,1,0,H,2,1,-1,-1,0.0,2,4,-2,0.0,2,3,58,1,0.42105263157894735,3,4,-1,0.5,0,0,0,0,0,0,0,0,,,-2,-59,-2,-0.42105263157894735,-0.5,-1
2000-08-26,Man City,Coventry,1,2,A,2,3,-1,-1,0.0,4,6,-2,0.5,2,3,44,-7,0.3157894736842105,3,4,-1,0.5,0,0,0,0,0,0,0,0,,,0,-45,6,-0.3157894736842105,0.0,-1
2000-08-26,Middlesbrough,Leeds,1,2,A,2,4,52,-6,0.3684210526315789,4,2,2,0.5,1,3,69,15,0.5526315789473685,2,0,2,1.0,0,0,0,0,0,0,0,0,,,1,-17,-21,-0.18421052631578955,-0.5,0
2000-08-26,Newcastle,Tottenham,2,0,H,2,3,52,9,0.3684210526315789,3,4,-1,0.5,2,4,53,8,0.3947368421052632,4,2,2,0.5,0,0,0,0,0,0,0,0,,,-1,-1,1,-0.026315789473684292,0.0,-3
2000-08-26,Southampton,Liverpool,3,3,D,2,1,44,-17,0.3157894736842105,3,4,-1,0.0,2,3,67,21,0.5,1,2,-1,0.5,0,0,0,0,0,0,0,0,,,-2,-23,-38,-0.1842105263157895,-0.5,0
2000-08-26,West Ham,Man United,2,2,D,2,0,55,-1,0.3947368421052632,2,5,-3,0.0,2,4,91,52,0.7368421052631579,3,1,2,0.5,0,0,0,0,0,0,0,0,,,-4,-36,-53,-0.34210526315789463,-0.5,-5
2000-08-27,Aston Villa,Chelsea,1,1,D,1,1,58,11,0.3947368421052632,0,0,0,0.0,2,3,65,19,0.4736842105263158,4,4,0,0.5,0,0,0,0,0,0,0,0,,,-2,-7,-8,-0.0789473684210526,-0.5,0
2000-09-05,Leeds,Man City,1,2,A,2,6,69,15,0.5526315789473685,4,1,3,1.0,3,3,-1,-1,0.0,5,8,-3,0.3333333333333333,0,0,0,0,0,0,0,0,,,3,70,16,0.5526315789473685,0.6666666666666667,6
2000-09-05,Man United,Bradford,6,0,H,3,5,91,52,0.7368421052631579,5,3,2,0.3333333333333333,3,4,36,-30,0.2368421052631579,2,1,1,0.3333333333333333,0,0,0,0,0,0,0,0,,,1,55,82,0.49999999999999994,0.0,1
2000-09-05,Sunderland,West Ham,1,1,D,3,3,58,1,0.42105263157894735,3,5,-2,0.3333333333333333,3,1,55,-1,0.3947368421052632,4,7,-3,0.0,0,0,0,0,0,0,0,0,,,2,3,2,0.026315789473684126,0.3333333333333333,1
2000-09-05,Tottenham,Everton,3,2,H,3,4,53,8,0.3947368421052632,4,4,0,0.3333333333333333,3,4,50,10,0.3157894736842105,5,4,1,0.3333333333333333,0,0,0,0,0,0,0,0,,,0,3,-2,0.07894736842105271,0.0,-1
2000-09-06,Charlton,Southampton,1,1,D,3,3,-1,-1,0.0,7,8,-1,0.3333333333333333,3,2,44,-17,0.3157894736842105,6,7,-1,0.0,0,0,0,0,0,0,0,0,,,1,-45,16,-0.3157894736842105,0.3333333333333333,0
2000-09-06,Chelsea,Arsenal,2,2,D,3,4,65,19,0.4736842105263158,5,5,0,0.3333333333333333,3,6,73,30,0.5789473684210527,7,4,3,0.6666666666666666,0,0,0,0,0,0,0,0,,,-2,-8,-11,-0.10526315789473684,-0.3333333333333333,-3
2000-09-06,Coventry,Newcastle,0,2,A,3,6,44,-7,0.3157894736842105,5,5,0,0.6666666666666666,3,6,52,9,0.3684210526315789,5,4,1,0.6666666666666666,0,0,0,0,0,0,0,0,,,0,-8,-16,-0.05263157894736842,0.0,-1
2000-09-06,Derby,Middlesbrough,3,3,D,3,2,38,-13,0.2368421052631579,6,7,-1,0.0,3,4,52,-6,0.3684210526315789,5,4,1,0.3333333333333333,0,0,0,0,0,0,0,0,,,-2,-14,-7,-0.13157894736842102,-0.3333333333333333,-2
2000-09-06,Leicester,Ipswich,2,1,H,3,5,55,0,0.42105263157894735,1,0,1,0.3333333333333333,3,4,-1,-1,0.0,3,4,-1,0.3333333333333333,0,0,0,0,0,0,0,0,,,1,56,1,0.42105263157894735,0.0,2
2000-09-06,Liverpool,Aston Villa,3,1,H,3,4,67,21,0.5,4,5,-1,0.3333333333333333,2,2,58,11,0.3947368421052632,1,1,0,0.0,0,0,0,0,0,0,0,0,,,2,9,10,0.10526315789473678,0.3333333333333333,-1
2000-09-09,Bradford,Arsenal,1,1,D,4,4,36,-30,0.2368421052631579,2,7,-5,0.25,4,7,73,30,0.5789473684210527,9,6,3,0.5,0,0,0,0,0,0,0,0,,,-3,-37,-60,-0.34210526315789475,-0.25,-8
2000-09-09,Coventry,Leeds,0,0,D,4,6,44,-7,0.3157894736842105,5,7,-2,0.5,3,6,69,15,0.5526315789473685,5,3,2,0.6666666666666666,0,0,0,0,0,0,0,0,,,0,-25,-22,-0.23684210526315796,-0.16666666666666663,-4
2000-09-09,Ipswich,Aston Villa,1,2,A,4,4,-1,-1,0.0,4,6,-2,0.25,3,2,58,11,0.3947368421052632,2,4,-2,0.0,0,0,0,0,0,0,0,0,,,2,-59,-12,-0.3947368421052632,0.25,0
2000-09-09,Leicester,Southampton,1,0,H,4,8,55,0,0.42105263157894735,3,1,2,0.5,4,3,44,-17,0.3157894736842105,7,8,-1,0.0,0,0,0,0,0,0,0,0,,,5,11,17,0.10526315789473684,0.5,3
2000-09-09,Liverpool,Man City,3,2,H,4,7,67,21,0.5,7,6,1,0.5,4,6,-1,-1,0.0,7,9,-2,0.5,0,0,0,0,0,0,0,0,,,1,68,22,0.5,0.0,3
2000-09-09,Man United,Sunderland,3,0,H,4,8,91,52,0.7368421052631579,11,3,8,0.5,4,4,58,1,0.42105263157894735,4,6,-2,0.25,0,0,0,0,0,0,0,0,,,4,33,51,0.3157894736842105,0.25,10
2000-09-09,Middlesbrough,Everton,1,2,A,4,5,52,-6,0.3684210526315789,8,7,1,0.25,4,4,50,10,0.3157894736842105,7,7,0,0.25,0,0,0,0,0,0,0,0,,,1,2,-16,0.05263157894736842,0.0,1
2000-09-09,Newcastle,Chelsea,0,0,D,4,9,52,9,0.3684210526315789,7,4,3,0.75,4,5,65,19,0.4736842105263158,7,7,0,0.25,1,0,0,0,0,0,0,0,,,4,-13,-10,-0.10526315789473689,0.5,3
2000-09-10,Derby,Charlton,2,2,D,4,3,38,-13,0.2368421052631579,9,10,-1,0.0,4,4,-1,-1,0.0,8,9,-1,0.25,0,0,0,0,0,0,0,0,,,-1,39,-12,0.2368421052631579,-0.25,0
2000-09-11,Tottenham,West Ham,1,0,H,4,7,53,8,0.3947368421052632,7,6,1,0.5,4,2,55,-1,0.3947368421052632,5,8,-3,0.0,0,0,0,0,0,0,0,0,,,5,-2,9,0.0,0.5,4
2000-09-16,Arsenal,Coventry,2,1,H,5,8,73,30,0.5789473684210527,10,7,3,0.4,5,7,44,-7,0.3157894736842105,5,7,-2,0.4,0,0,0,0,0,0,0,0,0.4,0.4,1,29,37,0.26315789473684215,0.0,5
2000-09-16,Aston Villa,Bradford,2,0,H,4,5,58,11,0.3947368421052632,4,5,-1,0.25,5,5,36,-30,0.2368421052631579,3,8,-5,0.2,0,0,0,0,0,0,0,0,,0.2,0,22,41,0.1578947368421053,0.04999999999999999,4
2000-09-16,Charlton,Tottenham,1,0,H,5,5,-1,-1,0.0,10,11,-1,0.2,5,10,53,8,0.3947368421052632,8,6,2,0.6,0,0,0,0,0,0,0,0,0.2,0.6,-5,-54,-9,-0.3947368421052632,-0.39999999999999997,-3
2000-09-16,Everton,Man United,1,3,A,5,7,50,10,0.3157894736842105,9,8,1,0.4,5,11,91,52,0.7368421052631579,14,3,11,0.6,0,0,0,0,0,0,0,0,0.4,0.6,-4,-41,-42,-0.42105263157894735,-0.19999999999999996,-10
2000-09-16,Leeds,Ipswich,1,2,A,4,7,69,15,0.5526315789473685,5,3,2,0.5,5,4,-1,-1,0.0,5,8,-3,0.2,0,0,0,0,0,0,0,0,,0.2,3,70,16,0.5526315789473685,0.3,5
2000-09-16,Southampton,Newcastle,2,0,H,5,3,44,-17,0.3157894736842105,7,9,-2,0.0,5,10,52,9,0.3684210526315789,7,4,3,0.6,0,0,0,0,0,0,0,0,0.0,0.6,-7,-8,-26,-0.05263157894736842,-0.6,-5
2000-09-16,Sunderland,Derby,2,1,H,5,4,58,1,0.42105263157894735,4,9,-5,0.2,5,4,38,-13,0.2368421052631579,11,12,-1,0.0,0,0,0,0,0,0,0,0,0.2,0.0,0,20,14,0.18421052631578944,0.2,-4
2000-09-17,Chelsea,Leicester,0,2,A,5,6,65,19,0.4736842105263158,7,7,0,0.2,5,11,55,0,0.42105263157894735,4,1,3,0.6,0,0,0,0,0,0,0,0,0.2,0.6,-5,10,19,0.052631578947368474,-0.39999999999999997,-3
2000-09-17,Man City,Middlesbrough,1,1,D,5,6,-1,-1,0.0,9,12,-3,0.4,5,5,52,-6,0.3684210526315789,9,9,0,0.2,0,0,0,0,0,0,0,0,0.4,0.2,1,-53,5,-0.3684210526315789,0.2,-3
2000-09-17,West Ham,Liverpool,1,1,D,5,2,55,-1,0.3947368421052632,5,9,-4,0.0,5,10,67,21,0.5,10,8,2,0.6,0,0,0,0,0,0,0,0,0.0,0.6,-8,-12,-22,-0.10526315789473678,-0.6,-6
2000-09-23,Bradford,Southampton,0,1,A,6,5,36,-30,0.2368421052631579,3,10,-7,0.16666666666666666,6,6,44,-17,0.3157894736842105,9,9,0,0.16666666666666666,0,0,0,0,0,0,0,0,0.2,0.2,-1,-8,-13,-0.0789473684210526,0.0,-7
2000-09-23,Coventry,West Ham,0,3,A,6,7,44,-7,0.3157894736842105,6,9,-3,0.3333333333333333,6,3,55,-1,0.3947368421052632,6,10,-4,0.0,0,0,0,0,0,0,0,0,0.4,0.0,4,-11,-6,-0.07894736842105271,0.3333333333333333,1
2000-09-23,Derby,Leeds,1,1,D,6,4,38,-13,0.2368421052631579,12,14,-2,0.0,5,7,69,15,0.5526315789473685,6,5,1,0.4,0,0,0,0,0,0,0,0,0.0,0.4,-3,-31,-28,-0.31578947368421056,-0.4,-3
2000-09-23,Ipswich,Arsenal,1,1,D,6,7,-1,-1,0.0,7,9,-2,0.3333333333333333,6,11,73,30,0.5789473684210527,12,8,4,0.5,0,0,0,0,0,0,0,0,0.4,0.6,-4,-74,-31,-0.5789473684210527,-0.16666666666666669,-6
2000-09-23,Liverpool,Sunderland,1,1,D,6,11,67,21,0.5,11,9,2,0.5,6,7,58,1,0.42105263157894735,6,10,-4,0.3333333333333333,0,0,0,0,0,0,0,0,0.4,0.2,4,9,20,0.07894736842105265,0.16666666666666669,6
2000-09-23,Man United,Chelsea,3,3,D,6,14,91,52,0.7368421052631579,17,4,13,0.6666666666666666,6,6,65,19,0.4736842105263158,7,9,-2,0.16666666666666666,1,0,0,0,0,0,0,0,0.6,0.0,8,26,33,0.26315789473684204,0.5,15
2000-09-23,Middlesbrough,Aston Villa,1,1,D,6,6,52,-6,0.3684210526315789,10,10,0,0.16666666666666666,5,8,58,11,0.3947368421052632,6,5,1,0.4,0,0,0,0,0,0,0,0,0.0,0.4,-2,-6,-17,-0.026315789473684292,-0.23333333333333336,-1
2000-09-23,Newcastle,Charlton,0,1,A,6,10,52,9,0.3684210526315789,7,6,1,0.5,6,8,-1,-1,0.0,11,11,0,0.3333333333333333,0,0,0,0,0,0,0,0,0.6,0.2,2,53,10,0.3684210526315789,0.16666666666666669,1
2000-09-23,Tottenham,Man City,0,0,D,6,10,53,8,0.3947368421052632,8,7,1,0.5,6,7,-1,-1,0.0,10,13,-3,0.3333333333333333,0,0,0,0,0,0,0,0,0.4,0.4,3,54,9,0.3947368421052632,0.16666666666666669,4
2000-09-24,Leicester,Everton,1,1,D,6,14,55,0,0.42105263157894735,6,1,5,0.6666666666666666,6,7,50,10,0.3157894736842105,10,11,-1,0.3333333333333333,1,0,0,0,0,0,0,0,0.8,0.4,7,5,-10,0.10526315789473684,0.3333333333333333,6
2000-09-30,Aston Villa,Derby,4,1,H,6,9,58,11,0.3947368421052632,7,6,1,0.3333333333333333,7,5,38,-13,0.2368421052631579,13,15,-2,0.0,0,0,0,0,0,0,0,0,0.4,0.0,4,20,24,0.1578947368421053,0.3333333333333333,3
2000-09-30,Charlton,Coventry,2,2,D,7,11,-1,-1,0.0,12,11,1,0.42857142857142855,7,7,44,-7,0.3157894736842105,6,12,-6,0.2857142857142857,0,0,0,0,0,0,0,0,0.4,0.2,4,-45,6,-0.3157894736842105,0.14285714285714285,7
2000-09-30,Everton,Ipswich,0,3,A,7,8,50,10,0.3157894736842105,11,12,-1,0.2857142857142857,7,8,-1,-1,0.0,8,10,-2,0.2857142857142857,0,0,0,0,0,0,0,0,0.2,0.4,0,51,11,0.3157894736842105,0.0,1
2000-09-30,Leeds,Tottenham,4,3,H,6,8,69,15,0.5526315789473685,7,6,1,0.3333333333333333,7,11,53,8,0.3947368421052632,8,7,1,0.42857142857142855,0,0,0,0,0,0,0,0,0.2,0.4,-3,16,7,0.15789473684210525,-0.09523809523809523,0
2000-09-30,Man City,Newcastle,0,1,A,7,8,-1,-1,0.0,10,13,-3,0.2857142857142857,7,10,52,9,0.3684210526315789,7,7,0,0.42857142857142855,0,0,0,0,0,0,0,0,0.2,0.4,-2,-53,-10,-0.3684210526315789,-0.14285714285714285,-3
2000-09-30,Southampton,Middlesbrough,1,3,A,7,9,44,-17,0.3157894736842105,10,9,1,0.2857142857142857,7,7,52,-6,0.3684210526315789,11,11,0,0.14285714285714285,0,0,0,0,0,0,0,0,0.4,0.0,2,-8,-11,-0.05263157894736842,0.14285714285714285,1
2000-09-30,West Ham,Bradford,1,1,D,7,6,55,-1,0.3947368421052632,9,10,-1,0.14285714285714285,7,5,36,-30,0.2368421052631579,3,11,-8,0.14285714285714285,0,0,0,0,0,0,0,0,0.2,0.0,1,19,29,0.1578947368421053,0.0,7
2000-10-01,Arsenal,Man United,1,0,H,7,12,73,30,0.5789473684210527,13,9,4,0.42857142857142855,7,15,91,52,0.7368421052631579,20,7,13,0.5714285714285714,0,0,0,0,0,0,0,0,0.4,0.6,-3,-18,-22,-0.1578947368421052,-0.14285714285714285,-9
2000-10-01,Chelsea,Liverpool,3,0,H,7,7,65,19,0.4736842105263158,10,12,-2,0.14285714285714285,7,12,67,21,0.5,12,10,2,0.42857142857142855,0,0,0,0,0,0,0,0,0.0,0.4,-5,-2,-2,-0.02631578947368418,-0.2857142857142857,-4
2000-10-01,Sunderland,Leicester,0,0,D,7,8,58,1,0.42105263157894735,7,11,-4,0.2857142857142857,7,15,55,0,0.42105263157894735,7,2,5,0.5714285714285714,0,0,0,0,0,0,0,0,0.2,0.6,-7,3,1,0.0,-0.2857142857142857,-9
2000-10-14,Arsenal,Aston Villa,1,0,H,8,15,73,30,0.5789473684210527,14,9,5,0.5,7,12,58,11,0.3947368421052632,11,7,4,0.42857142857142855,0,0,0,0,0,0,0,0,0.4,0.6,3,15,19,0.18421052631578944,0.07142857142857145,1
2000-10-14,Coventry,Tottenham,2,1,H,8,8,44,-7,0.3157894736842105,8,14,-6,0.25,8,11,53,8,0.3947368421052632,11,11,0,0.375,0,0,0,0,0,0,0,0,0.0,0.4,-3,-9,-15,-0.07894736842105271,-0.125,-6
2000-10-14,Everton,Southampton,1,1,D,8,8,50,10,0.3157894736842105,11,15,-4,0.25,8,9,44,-17,0.3157894736842105,11,12,-1,0.25,0,0,0,0,0,0,0,0,0.2,0.4,-1,6,27,0.0,0.0,-3
2000-10-14,Ipswich,West Ham,1,1,D,8,11,-1,-1,0.0,11,10,1,0.375,8,7,55,-1,0.3947368421052632,10,11,-1,0.125,0,0,0,0,0,0,0,0,0.4,0.2,4,-56,0,-0.3947368421052632,0.25,2
2000-10-14,Leeds,Charlton,3,1,H,7,11,69,15,0.5526315789473685,11,9,2,0.42857142857142855,8,12,-1,-1,0.0,14,13,1,0.375,0,0,0,0,0,0,0,0,0.2,0.4,-1,70,16,0.5526315789473685,0.05357142857142855,1
2000-10-14,Leicester,Man United,0,3,A,8,16,55,0,0.42105263157894735,7,2,5,0.5,8,15,91,52,0.7368421052631579,20,8,12,0.5,0,0,0,0,0,0,0,0,0.6,0.6,1,-36,-52,-0.3157894736842105,0.0,-7
2000-10-14,Man City,Bradford,2,0,H,8,8,-1,-1,0.0,10,14,-4,0.25,8,6,36,-30,0.2368421052631579,4,12,-8,0.125,0,0,0,0,0,0,0,0,0.2,0.0,2,-37,29,-0.2368421052631579,0.125,4
2000-10-14,Sunderland,Chelsea,1,0,H,8,9,58,1,0.42105263157894735,7,11,-4,0.25,8,10,65,19,0.4736842105263158,13,12,1,0.25,0,0,0,0,0,0,0,0,0.2,0.2,-1,-7,-18,-0.052631578947368474,0.0,-5
2000-10-15,Derby,Liverpool,0,4,A,8,5,38,-13,0.2368421052631579,14,19,-5,0.0,8,12,67,21,0.5,12,13,-1,0.375,0,0,0,0,0,0,0,0,0.0,0.4,-7,-29,-34,-0.2631578947368421,-0.375,-4
2000-10-16,Middlesbrough,Newcastle,1,3,A,8,10,52,-6,0.3684210526315789,14,12,2,0.25,8,13,52,9,0.3684210526315789,8,7,1,0.5,0,0,0,0,0,0,0,0,0.2,0.4,-3,0,-15,0.0,-0.25,1
2000-10-21,Bradford,Ipswich,0,2,A,9,6,36,-30,0.2368421052631579,4,14,-10,0.1111111111111111,9,12,-1,-1,0.0,12,11,1,0.3333333333333333,0,0,0,0,0,0,0,0,0.0,0.4,-6,37,-29,0.2368421052631579,-0.2222222222222222,-11
2000-10-21,Charlton,Middlesbrough,1,0,H,9,12,-1,-1,0.0,15,16,-1,0.3333333333333333,9,10,52,-6,0.3684210526315789,15,15,0,0.2222222222222222,0,0,0,0,0,0,0,0,0.4,0.2,2,-53,5,-0.3684210526315789,0.1111111111111111,-1
2000-10-21,Chelsea,Coventry,6,1,H,9,10,65,19,0.4736842105263158,13,13,0,0.2222222222222222,9,11,44,-7,0.3157894736842105,10,15,-5,0.3333333333333333,0,0,0,0,0,0,0,0,0.2,0.2,-1,21,26,0.1578947368421053,-0.1111111111111111,5
2000-10-21,Liverpool,Leicester,1,0,H,9,15,67,21,0.5,16,13,3,0.4444444444444444,9,16,55,0,0.42105263157894735,7,5,2,0.4444444444444444,0,0,0,0,0,0,0,0,0.4,0.4,-1,12,21,0.07894736842105265,0.0,1
2000-10-21,Man United,Leeds,3,0,H,9,18,91,52,0.7368421052631579,23,8,15,0.5555555555555556,8,14,69,15,0.5526315789473685,14,10,4,0.5,0,0,0,0,0,0,0,0,0.6,0.4,4,22,37,0.18421052631578938,0.05555555555555558,11
2000-10-21,Newcastle,Everton,0,1,A,9,16,52,9,0.3684210526315789,11,8,3,0.5555555555555556,9,9,50,10,0.3157894736842105,12,16,-4,0.2222222222222222,0,0,0,0,0,0,0,0,0.4,0.2,7,2,-1,0.05263157894736842,0.33333333333333337,7
2000-10-21,Tottenham,Derby,3,1,H,9,11,53,8,0.3947368421052632,12,13,-1,0.3333333333333333,9,5,38,-13,0.2368421052631579,14,23,-9,0.0,0,0,0,0,0,0,0,0,0.2,0.0,6,15,21,0.1578947368421053,0.3333333333333333,8
2000-10-21,West Ham,Arsenal,1,2,A,9,8,55,-1,0.3947368421052632,11,12,-1,0.1111111111111111,9,18,73,30,0.5789473684210527,15,9,6,0.5555555555555556,0,0,0,0,0,0,0,0,0.2,0.6,-10,-18,-31,-0.18421052631578944,-0.4444444444444445,-7
2000-10-22,Aston Villa,Sunderland,0,0,D,8,12,58,11,0.3947368421052632,11,8,3,0.375,9,12,58,1,0.42105263157894735,8,11,-3,0.3333333333333333,0,0,0,0,0,0,0,0,0.6,0.4,0,0,10,-0.026315789473684126,0.041666666666666685,6
2000-10-23,Southampton,Man City,0,2,A,9,10,44,-17,0.3157894736842105,12,13,-1,0.2222222222222222,9,11,-1,-1,0.0,12,14,-2,0.3333333333333333,0,0,0,0,0,0,0,0,0.4,0.2,-1,45,-16,0.3157894736842105,-0.1111111111111111,1
2000-10-28,Arsenal,Man City,5,0,H,10,21,73,30,0.5789473684210527,17,10,7,0.6,10,14,-1,-1,0.0,14,14,0,0.4,1,0,0,0,0,0,0,0,0.8,0.4,7,74,31,0.5789473684210527,0.19999999999999996,7
2000-10-28,Aston Villa,Charlton,2,1,H,9,13,58,11,0.3947368421052632,11,8,3,0.3333333333333333,10,15,-1,-1,0.0,16,16,0,0.4,0,0,0,0,0,0,0,0,0.4,0.6,-2,59,12,0.3947368421052632,-0.06666666666666671,3
2000-10-28,Chelsea,Tottenham,3,0,H,10,13,65,19,0.4736842105263158,19,14,5,0.3,10,14,53,8,0.3947368421052632,15,14,1,0.4,0,0,0,0,0,0,0,0,0.4,0.2,-1,12,11,0.0789473684210526,-0.10000000000000003,4
2000-10-28,Ipswich,Middlesbrough,2,1,H,10,15,-1,-1,0.0,14,11,3,0.4,10,10,52,-6,0.3684210526315789,15,16,-1,0.2,0,0,0,0,0,0,0,0,0.6,0.2,5,-53,5,-0.3684210526315789,0.2,4
2000-10-28,Leicester,Derby,2,1,H,10,16,55,0,0.42105263157894735,7,6,1,0.4,10,5,38,-13,0.2368421052631579,15,26,-11,0.0,0,0,0,0,0,0,1,0,0.2,0.0,11,17,13,0.18421052631578944,0.4,12
2000-10-28,Man United,Southampton,5,0,H,10,21,91,52,0.7368421052631579,26,8,18,0.6,10,10,44,-17,0.3157894736842105,12,15,-3,0.2,0,0,0,0,0,0,0,0,0.6,0.4,11,47,69,0.42105263157894735,0.39999999999999997,21
2000-10-28,Sunderland,Coventry,1,0,H,10,13,58,1,0.42105263157894735,8,11,-3,0.3,10,11,44,-7,0.3157894736842105,11,21,-10,0.3,0,0,0,0,0,0,0,0,0.4,0.2,2,14,8,0.10526315789473684,0.0,7
2000-10-28,West Ham,Newcastle,1,0,H,10,8,55,-1,0.3947368421052632,12,14,-2,0.1,10,16,52,9,0.3684210526315789,11,9,2,0.5,0,0,0,0,0,0,0,0,0.2,0.4,-8,3,-10,0.026315789473684292,-0.4,-4
2000-10-29,Bradford,Leeds,1,1,D,10,6,36,-30,0.2368421052631579,4,16,-12,0.1,9,14,69,15,0.5526315789473685,14,13,1,0.4444444444444444,0,0,0,0,0,0,0,0,0.0,0.4,-8,-33,-45,-0.31578947368421056,-0.34444444444444444,-13
2000-10-29,Liverpool,Everton,3,1,H,10,18,67,21,0.5,17,13,4,0.5,10,12,50,10,0.3157894736842105,13,16,-3,0.3,0,0,0,0,0,0,0,0,0.4,0.2,6,17,11,0.1842105263157895,0.2,7
2000-11-04,Charlton,Bradford,2,0,H,11,15,-1,-1,0.0,17,18,-1,0.36363636363636365,11,7,36,-30,0.2368421052631579,5,17,-12,0.09090909090909091,0,0,0,0,0,0,0,0,0.4,0.0,8,-37,29,-0.2368421052631579,0.2727272727272727,11
2000-11-04,Coventry,Man United,1,2,A,11,11,44,-7,0.3157894736842105,11,22,-11,0.2727272727272727,11,24,91,52,0.7368421052631579,31,8,23,0.6363636363636364,0,0,0,0,1,0,0,0,0.2,0.6,-13,-47,-59,-0.42105263157894735,-0.36363636363636365,-34
2000-11-04,Leeds,Liverpool,4,3,H,10,15,69,15,0.5526315789473685,15,14,1,0.4,11,21,67,21,0.5,20,14,6,0.5454545454545454,0,0,0,0,1,0,0,0,0.4,0.6,-6,2,-6,0.052631578947368474,-0.1454545454545454,-5
2000-11-04,Man City,Leicester,0,1,A,11,14,-1,-1,0.0,14,19,-5,0.36363636363636365,11,19,55,0,0.42105263157894735,9,7,2,0.45454545454545453,0,0,0,0,0,0,0,0,0.4,0.2,-5,-56,-1,-0.42105263157894735,-0.09090909090909088,-7
2000-11-04,Middlesbrough,Arsenal,0,1,A,11,10,52,-6,0.3684210526315789,16,18,-2,0.18181818181818182,11,24,73,30,0.5789473684210527,22,10,12,0.6363636363636364,0,0,1,0,1,0,0,0,0.2,0.8,-14,-21,-36,-0.21052631578947373,-0.45454545454545453,-14
2000-11-04,Newcastle,Ipswich,2,1,H,11,16,52,9,0.3684210526315789,11,10,1,0.45454545454545453,11,18,-1,-1,0.0,16,12,4,0.45454545454545453,0,0,0,0,0,0,0,0,0.4,0.6,-2,53,10,0.3684210526315789,0.0,-3
2000-11-04,Southampton,Chelsea,3,2,H,11,10,44,-17,0.3157894736842105,12,20,-8,0.18181818181818182,11,16,65,19,0.4736842105263158,22,14,8,0.36363636363636365,0,0,0,0,0,0,0,0,0.2,0.6,-6,-21,-36,-0.1578947368421053,-0.18181818181818182,-16
2000-11-04,Tottenham,Sunderland,2,1,H,11,14,53,8,0.3947368421052632,15,17,-2,0.36363636363636365,11,16,58,1,0.42105263157894735,9,11,-2,0.36363636363636365,0,0,0,0,0,0,0,0,0.2,0.4,-2,-5,7,-0.026315789473684126,0.0,0
2000-11-05,Everton,Aston Villa,0,1,A,11,12,50,10,0.3157894736842105,14,19,-5,0.2727272727272727,10,16,58,11,0.3947368421052632,13,9,4,0.4,0,0,0,0,0,0,0,0,0.2,0.4,-4,-8,-1,-0.07894736842105271,-0.12727272727272732,-9
2000-11-06,Derby,West Ham,0,0,D,11,5,38,-13,0.2368421052631579,16,28,-12,0.0,11,11,55,-1,0.3947368421052632,13,14,-1,0.18181818181818182,0,0,1,0,0,0,0,0,0.0,0.4,-6,-17,-12,-0.1578947368421053,-0.18181818181818182,-11
2000-11-11,Arsenal,Derby,0,0,D,12,27,73,30,0.5789473684210527,23,10,13,0.6666666666666666,12,6,38,-13,0.2368421052631579,16,28,-12,0.0,1,1,0,0,0,0,0,0,1.0,0.0,21,35,43,0.34210526315789475,0.6666666666666666,25
2000-11-11,Aston Villa,Tottenham,2,0,H,11,19,58,11,0.3947368421052632,14,9,5,0.45454545454545453,12,17,53,8,0.3947368421052632,17,18,-1,0.4166666666666667,0,0,0,0,0,0,0,0,0.6,0.4,2,5,3,0.0,0.037878787878787845,6
2000-11-11,Bradford,Everton,0,1,A,12,7,36,-30,0.2368421052631579,5,19,-14,0.08333333333333333,12,12,50,10,0.3157894736842105,14,20,-6,0.25,0,0,0,0,0,0,0,0,0.0,0.2,-5,-14,-40,-0.0789473684210526,-0.16666666666666669,-8
2000-11-11,Ipswich,Charlton,2,0,H,12,18,-1,-1,0.0,17,14,3,0.4166666666666667,12,18,-1,-1,0.0,19,18,1,0.4166666666666667,0,0,0,0,0,0,0,0,0.6,0.4,0,0,0,0.0,0.0,2
2000-11-11,Leicester,Newcastle,1,1,D,12,22,55,0,0.42105263157894735,10,7,3,0.5,12,19,52,9,0.3684210526315789,13,11,2,0.5,0,0,0,0,0,0,0,0,0.4,0.6,3,3,-9,0.05263157894736842,0.0,1
2000-11-11,Man United,Middlesbrough,2,1,H,12,27,91,52,0.7368421052631579,33,9,24,0.6666666666666666,12,10,52,-6,0.3684210526315789,16,19,-3,0.16666666666666666,1,0,0,0,0,0,1,0,0.8,0.2,17,39,58,0.3684210526315789,0.5,27
2000-11-11,Sunderland,Southampton,2,2,D,12,16,58,1,0.42105263157894735,10,13,-3,0.3333333333333333,12,13,44,-17,0.3157894736842105,15,22,-7,0.25,0,0,0,0,0,0,0,0,0.4,0.2,3,14,18,0.10526315789473684,0.08333333333333331,4
2000-11-11,West Ham,Man City,4,1,H,12,12,55,-1,0.3947368421052632,13,14,-1,0.16666666666666666,12,14,-1,-1,0.0,14,20,-6,0.3333333333333333,0,0,0,0,0,0,0,0,0.2,0.4,-2,56,0,0.3947368421052632,-0.16666666666666666,5
2000-11-12,Chelsea,Leeds,1,1,D,12,16,65,19,0.4736842105263158,24,17,7,0.3333333333333333,11,18,69,15,0.5526315789473685,19,17,2,0.45454545454545453,0,0,0,0,0,0,0,0,0.6,0.6,-2,-4,4,-0.07894736842105265,-0.12121212121212122,5
2000-11-12,Liverpool,Coventry,4,1,H,12,21,67,21,0.5,23,18,5,0.5,12,11,44,-7,0.3157894736842105,12,24,-12,0.25,0,0,0,0,0,0,1,0,0.6,0.2,10,23,28,0.1842105263157895,0.25,17
2000-11-18,Charlton,Chelsea,2,0,H,13,18,-1,-1,0.0,19,20,-1,0.38461538461538464,13,17,65,19,0.4736842105263158,25,18,7,0.3076923076923077,0,0,0,0,0,0,0,0,0.4,0.4,1,-66,-20,-0.4736842105263158,0.07692307692307693,-8
2000-11-18,Derby,Bradford,2,0,H,13,7,38,-13,0.2368421052631579,16,28,-12,0.0,13,7,36,-30,0.2368421052631579,5,20,-15,0.07692307692307693,0,0,0,0,0,0,0,0,0.0,0.0,0,2,17,0.0,-0.07692307692307693,3
2000-11-18,Everton,Arsenal,2,0,H,13,15,50,10,0.3157894736842105,15,20,-5,0.3076923076923077,13,28,73,30,0.5789473684210527,23,10,13,0.6153846153846154,0,0,0,0,0,0,0,0,0.4,0.8,-13,-23,-20,-0.26315789473684215,-0.3076923076923077,-18
2000-11-18,Leeds,West Ham,0,1,A,12,19,69,15,0.5526315789473685,20,18,2,0.4166666666666667,13,15,55,-1,0.3947368421052632,17,15,2,0.23076923076923078,0,0,0,0,0,0,0,0,0.4,0.4,4,14,16,0.15789473684210525,0.1858974358974359,0
2000-11-18,Man City,Man United,0,1,A,13,14,-1,-1,0.0,15,24,-9,0.3076923076923077,13,30,91,52,0.7368421052631579,35,10,25,0.6923076923076923,0,0,1,0,1,1,0,0,0.4,1.0,-16,-92,-53,-0.7368421052631579,-0.3846153846153846,-34
2000-11-18,Middlesbrough,Leicester,0,3,A,13,10,52,-6,0.3684210526315789,17,21,-4,0.15384615384615385,13,23,55,0,0.42105263157894735,11,8,3,0.46153846153846156,0,0,1,1,0,0,0,0,0.0,0.4,-13,-3,-6,-0.05263157894736842,-0.3076923076923077,-7
2000-11-18,Newcastle,Sunderland,1,2,A,13,20,52,9,0.3684210526315789,14,12,2,0.46153846153846156,13,17,58,1,0.42105263157894735,12,15,-3,0.3076923076923077,0,0,0,0,0,0,0,0,0.4,0.4,3,-6,8,-0.05263157894736842,0.15384615384615385,5
2000-11-18,Southampton,Aston Villa,2,0,H,13,14,44,-17,0.3157894736842105,17,24,-7,0.23076923076923078,12,22,58,11,0.3947368421052632,16,9,7,0.5,0,0,0,0,1,0,0,0,0.2,0.6,-8,-14,-28,-0.07894736842105271,-0.2692307692307692,-14
2000-11-19,Tottenham,Liverpool,2,1,H,13,17,53,8,0.3947368421052632,17,20,-3,0.38461538461538464,13,24,67,21,0.5,27,19,8,0.5384615384615384,0,0,0,0,0,0,0,0,0.4,0.8,-7,-14,-13,-0.10526315789473678,-0.1538461538461538,-11
2000-11-20,Coventry,Ipswich,0,1,A,13,11,44,-7,0.3157894736842105,13,28,-15,0.23076923076923078,13,21,-1,-1,0.0,19,14,5,0.46153846153846156,0,0,1,0,0,0,0,0,0.2,0.6,-10,45,-6,0.3157894736842105,-0.23076923076923078,-20
2000-11-25,Charlton,Sunderland,0,1,A,14,21,-1,-1,0.0,21,20,1,0.42857142857142855,14,20,58,1,0.42105263157894735,14,16,-2,0.35714285714285715,0,0,0,0,0,0,0,0,0.6,0.4,1,-59,-2,-0.42105263157894735,0.0714285714285714,3
2000-11-25,Coventry,Aston Villa,1,1,D,14,11,44,-7,0.3157894736842105,13,29,-16,0.21428571428571427,13,22,58,11,0.3947368421052632,16,11,5,0.46153846153846156,0,0,1,1,0,0,0,0,0.0,0.6,-11,-14,-18,-0.07894736842105271,-0.2472527472527473,-21
2000-11-25,Derby,Man United,0,3,A,14,10,38,-13,0.2368421052631579,18,28,-10,0.07142857142857142,14,33,91,52,0.7368421052631579,36,10,26,0.7142857142857143,0,0,0,0,1,1,0,0,0.2,1.0,-23,-53,-65,-0.49999999999999994,-0.6428571428571429,-36
2000-11-25,Everton,Chelsea,2,1,H,14,18,50,10,0.3157894736842105,17,20,-3,0.35714285714285715,14,17,65,19,0.4736842105263158,25,20,5,0.2857142857142857,0,0,0,0,0,0,0,0,0.6,0.4,1,-15,-9,-0.1578947368421053,0.07142857142857145,-8
2000-11-25,Man City,Ipswich,2,3,A,14,14,-1,-1,0.0,15,25,-10,0.2857142857142857,14,24,-1,-1,0.0,20,14,6,0.5,0,0,1,0,0,0,0,0,0.2,0.8,-10,0,0,0.0,-0.2142857142857143,-16
2000-11-25,Middlesbrough,Bradford,2,2,D,14,10,52,-6,0.3684210526315789,17,24,-7,0.14285714285714285,14,7,36,-30,0.2368421052631579,5,22,-17,0.07142857142857142,0,0,1,1,0,0,1,0,0.0,0.0,3,16,24,0.13157894736842102,0.07142857142857142,10
2000-11-25,Southampton,West Ham,2,3,A,14,17,44,-17,0.3157894736842105,19,24,-5,0.2857142857142857,14,18,55,-1,0.3947368421052632,18,15,3,0.2857142857142857,0,0,0,0,0,0,0,0,0.4,0.6,-1,-11,-16,-0.07894736842105271,0.0,-8
2000-11-25,Tottenham,Leicester,3,0,H,14,20,53,8,0.3947368421052632,19,21,-2,0.42857142857142855,14,26,55,0,0.42105263157894735,14,8,6,0.5,0,0,0,0,0,0,0,0,0.6,0.6,-6,-2,8,-0.026315789473684126,-0.07142857142857145,-8
2000-11-26,Leeds,Arsenal,1,0,H,13,19,69,15,0.5526315789473685,20,19,1,0.38461538461538464,14,28,73,30,0.5789473684210527,23,12,11,0.5714285714285714,0,0,0,0,0,0,0,0,0.2,0.6,-9,-4,-15,-0.02631578947368418,-0.18681318681318676,-10
2000-11-26,Newcastle,Liverpool,2,1,H,14,20,52,9,0.3684210526315789,15,14,1,0.42857142857142855,14,24,67,21,0.5,28,21,7,0.5,0,0,0,0,0,0,0,0,0.2,0.6,-4,-15,-12,-0.13157894736842107,-0.07142857142857145,-6
2000-12-02,Arsenal,Southampton,1,0,H,15,28,73,30,0.5789473684210527,23,13,10,0.5333333333333333,15,17,44,-17,0.3157894736842105,21,27,-6,0.26666666666666666,0,0,0,0,0,0,0,0,0.4,0.4,11,29,47,0.26315789473684215,0.26666666666666666,16
2000-12-02,Aston Villa,Newcastle,1,1,D,14,23,58,11,0.3947368421052632,17,12,5,0.42857142857142855,15,23,52,9,0.3684210526315789,17,15,2,0.4666666666666667,0,0,0,0,0,0,0,0,0.6,0.4,0,6,2,0.026315789473684292,-0.038095238095238126,3
2000-12-02,Bradford,Coventry,2,1,H,15,8,36,-30,0.2368421052631579,7,24,-17,0.06666666666666667,15,12,44,-7,0.3157894736842105,14,30,-16,0.2,0,0,0,0,0,0,0,0,0.0,0.0,-4,-8,-23,-0.0789473684210526,-0.13333333333333336,-1
2000-12-02,Ipswich,Derby,0,1,A,15,27,-1,-1,0.0,23,16,7,0.5333333333333333,15,10,38,-13,0.2368421052631579,18,31,-13,0.06666666666666667,1,0,0,0,0,0,0,0,0.8,0.2,17,-39,12,-0.2368421052631579,0.4666666666666667,20
2000-12-02,Leicester,Leeds,3,1,H,15,26,55,0,0.42105263157894735,14,11,3,0.4666666666666667,14,22,69,15,0.5526315789473685,21,19,2,0.42857142857142855,0,0,0,0,0,0,0,0,0.6,0.4,4,-14,-15,-0.13157894736842113,0.038095238095238126,1
2000-12-02,Liverpool,Charlton,3,0,H,15,24,67,21,0.5,29,23,6,0.4666666666666667,15,21,-1,-1,0.0,21,21,0,0.4,0,0,0,0,0,0,0,0,0.4,0.4,3,68,22,0.5,0.06666666666666665,6
2000-12-02,Man United,Tottenham,2,0,H,15,36,91,52,0.7368421052631579,39,10,29,0.7333333333333333,15,23,53,8,0.3947368421052632,22,21,1,0.4666666666666667,1,1,0,0,0,0,0,0,1.0,0.6,13,38,44,0.34210526315789463,0.2666666666666666,28
2000-12-02,West Ham,Middlesbrough,1,0,H,15,21,55,-1,0.3947368421052632,21,17,4,0.3333333333333333,15,11,52,-6,0.3684210526315789,19,26,-7,0.13333333333333333,1,0,0,0,0,0,0,0,0.8,0.0,10,3,5,0.026315789473684292,0.19999999999999998,11
2000-12-03,Chelsea,Man City,2,1,H,15,17,65,19,0.4736842105263158,26,22,4,0.26666666666666666,15,14,-1,-1,0.0,17,28,-11,0.26666666666666666,0,0,0,0,0,0,1,1,0.2,0.0,3,66,20,0.4736842105263158,0.0,15
2000-12-04,Sunderland,Everton,2,0,H,15,23,58,1,0.42105263157894735,15,16,-1,0.4,15,21,50,10,0.3157894736842105,19,21,-2,0.4,0,0,0,0,1,0,0,0,0.6,0.6,2,8,-9,0.10526315789473684,0.0,1
2000-12-09,Arsenal,Newcastle,5,0,H,16,31,73,30,0.5789473684210527,24,13,11,0.5625,16,24,52,9,0.3684210526315789,18,16,2,0.4375,0,0,0,0,0,0,0,0,0.4,0.4,7,21,21,0.21052631578947373,0.125,9
2000-12-09,Bradford,Tottenham,3,3,D,16,11,36,-30,0.2368421052631579,9,25,-16,0.125,16,23,53,8,0.3947368421052632,22,23,-1,0.4375,0,0,0,0,0,0,0,0,0.2,0.6,-12,-17,-38,-0.1578947368421053,-0.3125,-15
2000-12-09,Charlton,Man United,3,3,D,16,21,-1,-1,0.0,21,24,-3,0.375,16,39,91,52,0.7368421052631579,41,10,31,0.75,0,0,0,0,1,1,0,0,0.4,1.0,-18,-92,-53,-0.7368421052631579,-0.375,-34
2000-12-09,Chelsea,Derby,4,1,H,16,20,65,19,0.4736842105263158,28,23,5,0.3125,16,13,38,-13,0.2368421052631579,19,31,-12,0.125,0,0,0,0,0,0,0,0,0.2,0.4,7,27,32,0.2368421052631579,0.1875,17
2000-12-09,Man City,Everton,5,0,H,16,14,-1,-1,0.0,18,30,-12,0.25,16,21,50,10,0.3157894736842105,19,23,-4,0.375,0,0,1,1,0,0,0,0,0.0,0.6,-7,-51,-11,-0.3157894736842105,-0.125,-8
2000-12-09,Southampton,Leeds,1,0,H,16,17,44,-17,0.3157894736842105,21,28,-7,0.25,15,22,69,15,0.5526315789473685,22,22,0,0.4,0,0,0,0,0,0,0,0,0.4,0.4,-5,-25,-32,-0.23684210526315796,-0.15000000000000002,-7
2000-12-09,Sunderland,Middlesbrough,1,0,H,16,26,58,1,0.42105263157894735,17,16,1,0.4375,16,11,52,-6,0.3684210526315789,19,27,-8,0.125,1,0,0,0,0,0,0,0,0.6,0.0,15,6,7,0.05263157894736842,0.3125,9
2000-12-09,West Ham,Aston Villa,1,1,D,16,24,55,-1,0.3947368421052632,22,17,5,0.375,15,24,58,11,0.3947368421052632,18,13,5,0.4,1,0,0,0,0,0,0,0,0.8,0.4,0,-3,-12,0.0,-0.025000000000000022,0
2000-12-10,Coventry,Leicester,1,0,H,16,12,44,-7,0.3157894736842105,15,32,-17,0.1875,16,29,55,0,0.42105263157894735,17,12,5,0.5,0,0,0,0,0,0,0,0,0.0,0.6,-17,-11,-7,-0.10526315789473684,-0.3125,-22
2000-12-10,Liverpool,Ipswich,0,1,A,16,27,67,21,0.5,32,23,9,0.5,16,27,-1,-1,0.0,23,17,6,0.5,0,0,0,0,0,0,0,0,0.4,0.6,0,68,22,0.5,0.0,3
2000-12-16,Aston Villa,Man City,2,2,D,16,25,58,11,0.3947368421052632,19,14,5,0.375,17,17,-1,-1,0.0,23,30,-7,0.29411764705882354,0,0,0,0,0,0,0,0,0.2,0.2,8,59,12,0.3947368421052632,0.08088235294117646,12
2000-12-16,Derby,Coventry,1,0,H,17,13,38,-13,0.2368421052631579,20,35,-15,0.11764705882352941,17,15,44,-7,0.3157894736842105,16,32,-16,0.23529411764705882,0,0,0,0,0,0,0,0,0.4,0.2,-2,-6,-6,-0.0789473684210526,-0.11764705882352941,1
2000-12-16,Everton,West Ham,1,1,D,17,21,50,10,0.3157894736842105,19,28,-9,0.35294117647058826,17,25,55,-1,0.3947368421052632,23,18,5,0.35294117647058826,0,0,0,0,0,0,0,0,0.6,0.8,-4,-5,11,-0.07894736842105271,0.0,-14
2000-12-16,Ipswich,Southampton,3,1,H,17,30,-1,-1,0.0,24,17,7,0.5294117647058824,17,20,44,-17,0.3157894736842105,22,28,-6,0.29411764705882354,0,0,0,0,0,0,0,0,0.8,0.4,10,-45,16,-0.3157894736842105,0.23529411764705882,13
2000-12-16,Leeds,Sunderland,2,0,H,16,22,69,15,0.5526315789473685,22,23,-1,0.375,17,29,58,1,0.42105263157894735,18,16,2,0.47058823529411764,0,0,0,0,1,0,0,0,0.2,0.8,-7,11,14,0.13157894736842113,-0.09558823529411764,-3
2000-12-16,Leicester,Charlton,3,1,H,17,29,55,0,0.42105263157894735,17,13,4,0.47058823529411764,17,22,-1,-1,0.0,24,27,-3,0.35294117647058826,0,0,0,0,0,0,0,0,0.4,0.2,7,56,1,0.42105263157894735,0.11764705882352938,7
2000-12-16,Middlesbrough,Chelsea,1,0,H,17,11,52,-6,0.3684210526315789,19,28,-9,0.11764705882352941,17,23,65,19,0.4736842105263158,32,24,8,0.35294117647058826,0,0,0,0,0,0,0,0,0.0,0.4,-12,-13,-25,-0.10526315789473689,-0.23529411764705885,-17
2000-12-16,Newcastle,Bradford,2,1,H,17,24,52,9,0.3684210526315789,18,21,-3,0.4117647058823529,17,12,36,-30,0.2368421052631579,12,28,-16,0.11764705882352941,0,0,0,0,0,0,0,0,0.2,0.2,12,16,39,0.13157894736842102,0.2941176470588235,13
2000-12-17,Man United,Liverpool,0,1,A,17,40,91,52,0.7368421052631579,44,13,31,0.7058823529411765,17,27,67,21,0.5,32,24,8,0.47058823529411764,0,0,0,0,0,0,0,0,0.8,0.4,13,24,31,0.23684210526315785,0.23529411764705888,23
2000-12-18,Tottenham,Arsenal,1,1,D,17,24,53,8,0.3947368421052632,25,26,-1,0.4117647058823529,17,34,73,30,0.5789473684210527,29,13,16,0.5882352941176471,0,0,0,0,0,0,0,0,0.4,0.4,-10,-20,-22,-0.18421052631578944,-0.17647058823529416,-17
2000-12-22,Coventry,Southampton,1,1,D,18,15,44,-7,0.3157894736842105,16,33,-17,0.2222222222222222,18,20,44,-17,0.3157894736842105,23,31,-8,0.2777777777777778,0,0,0,0,0,0,0,0,0.2,0.4,-5,0,10,0.0,-0.05555555555555558,-9
2000-12-23,Charlton,Everton,1,0,H,18,22,-1,-1,0.0,25,30,-5,0.3333333333333333,18,22,50,10,0.3157894736842105,20,29,-9,0.3333333333333333,0,0,0,0,0,0,0,0,0.2,0.4,0,-51,-11,-0.3157894736842105,0.0,4
2000-12-23,Chelsea,Bradford,3,0,H,18,23,65,19,0.4736842105263158,32,25,7,0.3333333333333333,18,12,36,-30,0.2368421052631579,13,30,-17,0.1111111111111111,0,0,0,0,0,0,0,0,0.4,0.2,11,29,49,0.2368421052631579,0.2222222222222222,24
2000-12-23,Derby,Newcastle,2,0,H,18,16,38,-13,0.2368421052631579,21,35,-14,0.16666666666666666,18,27,52,9,0.3684210526315789,20,22,-2,0.4444444444444444,0,0,0,0,0,0,0,0,0.6,0.4,-11,-14,-22,-0.13157894736842102,-0.2777777777777778,-12
2000-12-23,Leeds,Aston Villa,1,2,A,17,25,69,15,0.5526315789473685,24,23,1,0.4117647058823529,17,26,58,11,0.3947368421052632,21,16,5,0.35294117647058826,0,0,0,0,0,0,0,0,0.4,0.0,-1,11,4,0.15789473684210525,0.05882352941176466,-4
2000-12-23,Leicester,West Ham,2,1,H,18,32,55,0,0.42105263157894735,20,14,6,0.5,18,26,55,-1,0.3947368421052632,24,19,5,0.3333333333333333,0,0,0,0,0,0,0,0,0.6,0.6,6,0,1,0.026315789473684126,0.16666666666666669,1
2000-12-23,Liverpool,Arsenal,4,0,H,18,30,67,21,0.5,33,24,9,0.5,18,35,73,30,0.5789473684210527,30,14,16,0.5555555555555556,0,0,0,0,0,0,0,0,0.4,0.4,-5,-6,-9,-0.07894736842105265,-0.05555555555555558,-7
2000-12-23,Man United,Ipswich,2,0,H,18,40,91,52,0.7368421052631579,44,14,30,0.6666666666666666,18,33,-1,-1,0.0,27,18,9,0.5555555555555556,0,0,0,0,0,0,0,0,0.6,0.8,7,92,53,0.7368421052631579,0.11111111111111105,21
2000-12-23,Sunderland,Man City,1,0,H,18,29,58,1,0.42105263157894735,18,18,0,0.4444444444444444,18,18,-1,-1,0.0,25,32,-7,0.2777777777777778,0,0,0,0,0,0,0,0,0.8,0.2,11,59,2,0.42105263157894735,0.16666666666666663,7
2000-12-23,Tottenham,Middlesbrough,0,0,D,18,25,53,8,0.3947368421052632,26,27,-1,0.3888888888888889,18,14,52,-6,0.3684210526315789,20,28,-8,0.16666666666666666,0,0,0,0,0,0,0,0,0.4,0.2,11,1,14,0.026315789473684292,0.22222222222222224,7
2000-12-26,Arsenal,Leicester,6,1,H,19,35,73,30,0.5789473684210527,30,18,12,0.5263157894736842,19,35,55,0,0.42105263157894735,22,15,7,0.5263157894736842,0,0,0,0,0,0,0,0,0.4,0.6,0,18,30,0.1578947368421053,0.0,5
2000-12-26,Aston Villa,Man United,0,1,A,18,29,58,11,0.3947368421052632,23,17,6,0.3888888888888889,19,43,91,52,0.7368421052631579,46,14,32,0.6842105263157895,0,0,0,0,0,0,0,0,0.2,0.6,-14,-33,-41,-0.34210526315789463,-0.2953216374269006,-26
2000-12-26,Bradford,Sunderland,1,4,A,19,12,36,-30,0.2368421052631579,13,33,-20,0.10526315789473684,19,32,58,1,0.42105263157894735,19,18,1,0.47368421052631576,0,0,0,0,0,0,0,0,0.2,0.8,-20,-22,-31,-0.18421052631578944,-0.3684210526315789,-21
2000-12-26,Everton,Coventry,1,2,A,19,22,50,10,0.3157894736842105,20,30,-10,0.3157894736842105,19,16,44,-7,0.3157894736842105,17,34,-17,0.21052631578947367,0,0,0,0,0,0,0,0,0.2,0.2,6,6,17,0.0,0.10526315789473684,7
2000-12-26,Ipswich,Chelsea,2,2,D,19,33,-1,-1,0.0,27,20,7,0.5263157894736842,19,26,65,19,0.4736842105263158,35,25,10,0.3684210526315789,0,0,0,0,0,0,0,0,0.6,0.6,7,-66,-20,-0.4736842105263158,0.15789473684210525,-3
2000-12-26,Man City,Derby,0,0,D,19,18,-1,-1,0.0,25,33,-8,0.2631578947368421,19,19,38,-13,0.2368421052631579,23,35,-12,0.21052631578947367,0,0,0,0,0,0,0,0,0.2,0.6,-1,-39,12,-0.2368421052631579,0.05263157894736842,4
2000-12-26,Middlesbrough,Liverpool,1,0,H,19,15,52,-6,0.3684210526315789,20,28,-8,0.15789473684210525,19,33,67,21,0.5,37,24,13,0.5263157894736842,0,0,0,0,0,0,0,0,0.2,0.6,-18,-15,-27,-0.13157894736842107,-0.3684210526315789,-21
2000-12-26,Newcastle,Leeds,2,1,H,19,27,52,9,0.3684210526315789,20,24,-4,0.42105263157894735,18,25,69,15,0.5526315789473685,25,25,0,0.3888888888888889,0,0,0,0,0,0,0,0,0.4,0.4,2,-17,-6,-0.18421052631578955,0.03216374269005845,-4
2000-12-26,West Ham,Charlton,5,0,H,19,26,55,-1,0.3947368421052632,25,21,4,0.3157894736842105,19,25,-1,-1,0.0,26,30,-4,0.3684210526315789,0,0,0,0,0,0,0,0,0.4,0.2,1,56,0,0.3947368421052632,-0.05263157894736842,8
2000-12-27,Southampton,Tottenham,2,0,H,19,21,44,-17,0.3157894736842105,24,32,-8,0.2631578947368421,19,26,53,8,0.3947368421052632,26,27,-1,0.3684210526315789,0,0,0,0,0,0,0,0,0.2,0.2,-5,-9,-25,-0.07894736842105271,-0.10526315789473684,-7
2000-12-30,Arsenal,Sunderland,2,2,D,20,38,73,30,0.5789473684210527,36,19,17,0.55,20,35,58,1,0.42105263157894735,23,19,4,0.5,0,0,0,0,0,0,0,0,0.6,0.8,3,15,29,0.1578947368421053,0.050000000000000044,13
2000-12-30,Ipswich,Tottenham,3,0,H,20,34,-1,-1,0.0,29,22,7,0.5,20,26,53,8,0.3947368421052632,26,29,-3,0.35,0,0,0,0,0,0,0,0,0.4,0.0,8,-54,-9,-0.3947368421052632,0.15000000000000002,10
2000-12-30,Man City,Charlton,1,4,A,20,19,-1,-1,0.0,25,33,-8,0.25,20,25,-1,-1,0.0,26,35,-9,0.35,0,0,0,0,0,0,0,0,0.2,0.2,-6,0,0,0.0,-0.09999999999999998,1
2000-12-30,Middlesbrough,Coventry,1,1,D,20,18,52,-6,0.3684210526315789,21,28,-7,0.2,20,19,44,-7,0.3157894736842105,19,35,-16,0.25,0,0,0,0,0,0,0,0,0.4,0.4,-1,8,1,0.05263157894736842,-0.04999999999999999,9
2000-12-30,Newcastle,Man United,1,1,D,20,30,52,9,0.3684210526315789,22,25,-3,0.45,20,46,91,52,0.7368421052631579,47,14,33,0.7,0,0,0,0,0,0,0,0,0.4,0.6,-16,-39,-43,-0.3684210526315789,-0.24999999999999994,-36
2000-12-30,Southampton,Derby,1,0,H,20,24,44,-17,0.3157894736842105,26,32,-6,0.3,20,20,38,-13,0.2368421052631579,23,35,-12,0.2,0,0,0,0,0,0,0,0,0.4,0.6,4,6,-4,0.0789473684210526,0.09999999999999998,6
2001-01-01,Charlton,Arsenal,1,0,H,21,28,-1,-1,0.0,30,36,-6,0.38095238095238093,21,39,73,30,0.5789473684210527,38,21,17,0.5238095238095238,0,0,0,0,0,0,0,0,0.4,0.4,-11,-74,-31,-0.5789473684210527,-0.1428571428571429,-23
2001-01-01,Chelsea,Aston Villa,1,0,H,20,27,65,19,0.4736842105263158,37,27,10,0.35,19,29,58,11,0.3947368421052632,23,18,5,0.3684210526315789,0,0,0,0,0,0,0,0,0.6,0.2,-2,7,8,0.0789473684210526,-0.01842105263157895,5
2001-01-01,Coventry,Man City,1,1,D,21,20,44,-7,0.3157894736842105,20,36,-16,0.23809523809523808,21,19,-1,-1,0.0,26,37,-11,0.23809523809523808,0,0,0,0,0,0,0,0,0.4,0.2,1,45,-6,0.3157894736842105,0.0,-5
2001-01-01,Derby,Everton,1,0,H,21,20,38,-13,0.2368421052631579,23,36,-13,0.19047619047619047,20,22,50,10,0.3157894736842105,21,32,-11,0.3,0,0,0,0,0,0,0,0,0.4,0.0,-2,-12,-23,-0.0789473684210526,-0.10952380952380952,-2
2001-01-01,Leeds,Middlesbrough,1,1,D,19,25,69,15,0.5526315789473685,26,27,-1,0.3684210526315789,21,19,52,-6,0.3684210526315789,22,29,-7,0.19047619047619047,0,0,0,0,0,0,0,0,0.2,0.4,6,17,21,0.18421052631578955,0.17794486215538846,6
2001-01-01,Leicester,Bradford,1,2,A,20,35,55,0,0.42105263157894735,23,21,2,0.5,20,12,36,-30,0.2368421052631579,14,37,-23,0.1,0,0,0,0,0,0,1,0,0.6,0.2,23,19,30,0.18421052631578944,0.4,25
2001-01-01,Liverpool,Southampton,2,1,H,20,33,67,21,0.5,37,25,12,0.5,21,27,44,-17,0.3157894736842105,27,32,-5,0.3333333333333333,0,0,0,0,0,0,0,0,0.6,0.6,6,23,38,0.1842105263157895,0.16666666666666669,17
2001-01-01,Man United,West Ham,3,1,H,21,47,91,52,0.7368421052631579,48,15,33,0.6666666666666666,20,29,55,-1,0.3947368421052632,30,21,9,0.35,0,0,0,0,0,0,0,0,0.4,0.4,18,36,53,0.34210526315789463,0.31666666666666665,24
2001-01-01,Sunderland,Ipswich,4,1,H,21,36,58,1,0.42105263157894735,25,21,4,0.47619047619047616,21,37,-1,-1,0.0,32,22,10,0.5238095238095238,0,0,0,0,0,0,0,0,0.6,0.6,-1,59,2,0.42105263157894735,-0.04761904761904767,-6
2001-01-02,Tottenham,Newcastle,4,2,H,21,26,53,8,0.3947368421052632,26,32,-6,0.3333333333333333,21,31,52,9,0.3684210526315789,23,26,-3,0.42857142857142855,0,0,0,0,0,0,0,0,0.0,0.4,-5,1,-1,0.026315789473684292,-0.09523809523809523,-3
2001-01-13,Arsenal,Chelsea,1,1,D,22,39,73,30,0.5789473684210527,38,22,16,0.5,21,30,65,19,0.4736842105263158,38,27,11,0.38095238095238093,0,0,0,0,0,0,0,0,0.2,0.6,9,8,11,0.10526315789473684,0.11904761904761907,5
2001-01-13,Aston Villa,Liverpool,0,3,A,20,29,58,11,0.3947368421052632,23,19,4,0.35,21,36,67,21,0.5,39,26,13,0.5238095238095238,0,0,0,0,0,0,0,0,0.2,0.6,-7,-9,-10,-0.10526315789473678,-0.17380952380952386,-9
2001-01-13,Bradford,Man United,0,3,A,21,15,36,-30,0.2368421052631579,16,38,-22,0.14285714285714285,22,50,91,52,0.7368421052631579,51,16,35,0.6818181818181818,0,0,0,0,0,0,0,0,0.2,0.6,-35,-55,-82,-0.49999999999999994,-0.5389610389610389,-57
2001-01-13,Everton,Tottenham,0,0,D,21,22,50,10,0.3157894736842105,21,33,-12,0.2857142857142857,22,29,53,8,0.3947368421052632,30,34,-4,0.36363636363636365,0,0,1,0,0,0,0,0,0.0,0.2,-7,-3,2,-0.07894736842105271,-0.07792207792207795,-8
2001-01-13,Man City,Leeds,0,4,A,22,20,-1,-1,0.0,27,38,-11,0.22727272727272727,20,26,69,15,0.5526315789473685,27,28,-1,0.35,0,0,0,0,0,0,0,0,0.0,0.2,-6,-70,-16,-0.5526315789473685,-0.12272727272727271,-10
2001-01-13,Middlesbrough,Derby,4,0,H,22,20,52,-6,0.3684210526315789,23,30,-7,0.18181818181818182,22,23,38,-13,0.2368421052631579,24,36,-12,0.22727272727272727,0,0,0,0,0,0,0,0,0.4,0.6,-3,14,7,0.13157894736842102,-0.04545454545454544,5
2001-01-13,Newcastle,Coventry,3,1,H,22,31,52,9,0.3684210526315789,25,30,-5,0.4090909090909091,22,21,44,-7,0.3157894736842105,21,37,-16,0.22727272727272727,0,0,0,0,0,0,0,0,0.4,0.2,10,8,16,0.05263157894736842,0.18181818181818185,11
2001-01-13,Southampton,Charlton,0,0,D,22,27,44,-17,0.3157894736842105,28,34,-6,0.3181818181818182,22,31,-1,-1,0.0,31,36,-5,0.4090909090909091,0,0,0,0,0,0,0,0,0.4,0.6,-4,45,-16,0.3157894736842105,-0.09090909090909094,-1
2001-01-13,West Ham,Sunderland,0,2,A,21,29,55,-1,0.3947368421052632,31,24,7,0.3333333333333333,22,39,58,1,0.42105263157894735,29,22,7,0.5,0,0,0,0,0,0,0,0,0.2,0.6,-10,-3,-2,-0.026315789473684126,-0.16666666666666669,0
2001-01-14,Ipswich,Leicester,2,0,H,22,37,-1,-1,0.0,33,26,7,0.5,21,35,55,0,0.42105263157894735,24,23,1,0.47619047619047616,0,0,0,0,0,0,0,0,0.4,0.4,2,-56,-1,-0.42105263157894735,0.023809523809523836,6
2001-01-20,Chelsea,Ipswich,4,1,H,22,31,65,19,0.4736842105263158,39,28,11,0.36363636363636365,23,40,-1,-1,0.0,35,26,9,0.5217391304347826,0,0,0,0,0,0,0,0,0.4,0.4,-9,66,20,0.4736842105263158,-0.15810276679841895,2
2001-01-20,Coventry,Everton,1,3,A,23,21,44,-7,0.3157894736842105,22,40,-18,0.21739130434782608,22,23,50,10,0.3157894736842105,21,33,-12,0.2727272727272727,0,0,0,0,0,0,0,0,0.2,0.0,-2,-6,-17,0.0,-0.055335968379446626,-6
2001-01-20,Derby,Man City,1,1,D,23,23,38,-13,0.2368421052631579,24,40,-16,0.21739130434782608,23,20,-1,-1,0.0,27,42,-15,0.21739130434782608,0,0,0,0,0,0,0,0,0.4,0.0,3,39,-12,0.2368421052631579,0.0,-1
2001-01-20,Leeds,Newcastle,1,3,A,21,29,69,15,0.5526315789473685,31,28,3,0.38095238095238093,23,34,52,9,0.3684210526315789,28,31,-3,0.43478260869565216,0,0,0,0,0,0,0,0,0.4,0.4,-5,17,6,0.18421052631578955,-0.05383022774327123,6
2001-01-20,Leicester,Arsenal,0,0,D,22,35,55,0,0.42105263157894735,24,25,-1,0.45454545454545453,23,40,73,30,0.5789473684210527,39,23,16,0.4782608695652174,0,0,1,0,0,0,0,0,0.4,0.2,-5,-18,-30,-0.1578947368421053,-0.023715415019762875,-17
2001-01-20,Liverpool,Middlesbrough,0,0,D,22,39,67,21,0.5,42,26,16,0.5454545454545454,23,23,52,-6,0.3684210526315789,27,30,-3,0.21739130434782608,0,0,0,0,0,0,0,0,0.8,0.4,16,15,27,0.13157894736842107,0.32806324110671936,19
2001-01-20,Man United,Aston Villa,2,0,H,23,53,91,52,0.7368421052631579,54,16,38,0.6956521739130435,21,29,58,11,0.3947368421052632,23,22,1,0.3333333333333333,0,0,0,0,0,0,1,0,0.8,0.2,24,33,41,0.34210526315789463,0.36231884057971014,37
2001-01-20,Tottenham,Southampton,0,0,D,23,30,53,8,0.3947368421052632,30,34,-4,0.34782608695652173,23,28,44,-17,0.3157894736842105,28,34,-6,0.30434782608695654,0,0,0,0,0,0,0,0,0.2,0.4,2,9,25,0.07894736842105271,0.04347826086956519,2
2001-01-21,Sunderland,Bradford,0,0,D,23,42,58,1,0.42105263157894735,31,22,9,0.5217391304347826,22,15,36,-30,0.2368421052631579,16,41,-25,0.13636363636363635,0,0,0,0,0,0,0,0,0.8,0.2,27,22,31,0.18421052631578944,0.38537549407114624,34
2001-01-22,Charlton,West Ham,1,1,D,23,32,-1,-1,0.0,31,36,-5,0.391304347826087,22,29,55,-1,0.3947368421052632,31,26,5,0.3181818181818182,0,0,0,0,0,0,0,0,0.6,0.2,3,-56,0,-0.3947368421052632,0.0731225296442688,-10
2001-01-24,Aston Villa,Leeds,1,2,A,22,29,58,11,0.3947368421052632,23,24,-1,0.3181818181818182,22,29,69,15,0.5526315789473685,32,31,1,0.36363636363636365,0,0,1,0,0,0,0,0,0.2,0.2,0,-11,-4,-0.15789473684210525,-0.04545454545454547,-2
2001-01-30,Arsenal,Bradford,2,0,H,24,41,73,30,0.5789473684210527,39,23,16,0.4583333333333333,23,16,36,-30,0.2368421052631579,16,41,-25,0.13043478260869565,0,0,0,0,0,0,0,0,0.2,0.2,25,37,60,0.34210526315789475,0.3278985507246377,41
2001-01-30,Charlton,Derby,2,1,H,24,33,-1,-1,0.0,32,37,-5,0.375,24,24,38,-13,0.2368421052631579,25,41,-16,0.20833333333333334,0,0,0,0,0,0,0,0,0.4,0.2,9,-39,12,-0.2368421052631579,0.16666666666666666,11
2001-01-31,Chelsea,Newcastle,3,1,H,23,34,65,19,0.4736842105263158,43,29,14,0.391304347826087,24,37,52,9,0.3684210526315789,31,32,-1,0.4583333333333333,0,0,0,0,0,0,0,0,0.6,0.6,-3,13,10,0.10526315789473689,-0.06702898550724634,15
2001-01-31,Everton,Middlesbrough,2,2,D,23,26,50,10,0.3157894736842105,24,34,-10,0.30434782608695654,24,24,52,-6,0.3684210526315789,27,30,-3,0.20833333333333334,0,0,0,0,0,0,0,0,0.2,0.4,2,-2,16,-0.05263157894736842,0.0960144927536232,-7
2001-01-31,Leeds,Coventry,1,0,H,23,32,69,15,0.5526315789473685,34,32,2,0.391304347826087,24,21,44,-7,0.3157894736842105,23,43,-20,0.20833333333333334,0,0,0,0,0,0,0,0,0.4,0.2,11,25,22,0.23684210526315796,0.18297101449275363,22
2001-01-31,Man City,Liverpool,1,1,D,24,21,-1,-1,0.0,28,43,-15,0.20833333333333334,23,40,67,21,0.5,42,26,16,0.5217391304347826,0,0,0,0,0,0,0,0,0.0,0.6,-19,-68,-22,-0.5,-0.3134057971014492,-31
2001-01-31,Southampton,Leicester,1,0,H,24,29,44,-17,0.3157894736842105,28,34,-6,0.2916666666666667,23,36,55,0,0.42105263157894735,24,25,-1,0.43478260869565216,0,0,0,0,0,0,0,0,0.4,0.2,-7,-11,-17,-0.10526315789473684,-0.14311594202898548,-5
2001-01-31,Sunderland,Man United,0,1,A,24,43,58,1,0.42105263157894735,31,22,9,0.5,24,56,91,52,0.7368421052631579,56,16,40,0.7083333333333334,0,0,0,0,1,0,0,0,0.6,0.8,-13,-33,-51,-0.3157894736842105,-0.20833333333333337,-31
2001-01-31,West Ham,Tottenham,0,0,D,23,30,55,-1,0.3947368421052632,32,27,5,0.30434782608695654,24,31,53,8,0.3947368421052632,30,34,-4,0.3333333333333333,0,0,0,0,0,0,0,0,0.2,0.2,-1,2,-9,0.0,-0.028985507246376774,9
2001-02-03,Bradford,Aston Villa,0,3,A,24,16,36,-30,0.2368421052631579,16,43,-27,0.125,23,29,58,11,0.3947368421052632,24,26,-2,0.30434782608695654,0,0,0,0,0,0,1,1,0.2,0.0,-13,-22,-41,-0.1578947368421053,-0.17934782608695654,-25
2001-02-03,Coventry,Arsenal,0,1,A,25,21,44,-7,0.3157894736842105,23,44,-21,0.2,25,44,73,30,0.5789473684210527,41,23,18,0.48,0,0,1,0,0,0,0,0,0.0,0.2,-23,-29,-37,-0.26315789473684215,-0.27999999999999997,-39
2001-02-03,Derby,Sunderland,1,0,H,25,24,38,-13,0.2368421052631579,26,43,-17,0.2,25,43,58,1,0.42105263157894735,31,23,8,0.48,0,0,0,0,0,0,0,0,0.2,0.4,-19,-20,-14,-0.18421052631578944,-0.27999999999999997,-25
2001-02-03,Ipswich,Leeds,1,2,A,24,40,-1,-1,0.0,36,30,6,0.5,24,35,69,15,0.5526315789473685,35,32,3,0.4166666666666667,0,0,0,0,0,0,0,0,0.4,0.6,5,-70,-16,-0.5526315789473685,0.08333333333333331,3
2001-02-03,Leicester,Chelsea,2,1,H,24,36,55,0,0.42105263157894735,24,26,-2,0.4166666666666667,24,37,65,19,0.4736842105263158,46,30,16,0.4166666666666667,0,0,0,0,0,0,0,0,0.0,0.6,-1,-10,-19,-0.052631578947368474,0.0,-18
2001-02-03,Liverpool,West Ham,3,0,H,24,41,67,21,0.5,43,27,16,0.5,24,31,55,-1,0.3947368421052632,32,27,5,0.2916666666666667,0,0,0,0,0,0,0,0,0.4,0.2,10,12,22,0.10526315789473678,0.20833333333333331,11
2001-02-03,Man United,Everton,1,0,H,25,59,91,52,0.7368421052631579,57,16,41,0.72,24,27,50,10,0.3157894736842105,26,36,-10,0.2916666666666667,1,0,0,0,0,0,0,0,0.8,0.2,32,41,42,0.42105263157894735,0.4283333333333333,51
2001-02-03,Middlesbrough,Man City,1,1,D,25,25,52,-6,0.3684210526315789,29,32,-3,0.2,25,22,-1,-1,0.0,29,44,-15,0.2,0,0,0,0,0,0,0,0,0.2,0.0,3,53,-5,0.3684210526315789,0.0,12
2001-02-03,Tottenham,Charlton,0,0,D,25,32,53,8,0.3947368421052632,30,34,-4,0.32,25,36,-1,-1,0.0,34,38,-4,0.4,0,0,0,0,0,0,0,0,0.2,0.6,-4,54,9,0.3947368421052632,-0.08000000000000002,0
2001-02-07,Everton,Leeds,2,2,D,25,27,50,10,0.3157894736842105,26,37,-11,0.28,25,38,69,15,0.5526315789473685,37,33,4,0.44,0,0,0,0,1,0,0,0,0.2,0.8,-11,-19,-5,-0.23684210526315796,-0.15999999999999998,-15
2001-02-10,Arsenal,Ipswich,1,0,H,26,47,73,30,0.5789473684210527,42,23,19,0.5,25,40,-1,-1,0.0,37,32,5,0.48,0,0,0,0,0,0,0,0,0.4,0.4,7,74,31,0.5789473684210527,0.020000000000000018,14
2001-02-10,Aston Villa,Middlesbrough,1,1,D,24,32,58,11,0.3947368421052632,27,26,1,0.3333333333333333,26,26,52,-6,0.3684210526315789,30,33,-3,0.19230769230769232,0,0,0,0,0,0,0,0,0.2,0.2,6,6,17,0.026315789473684292,0.141025641025641,4
2001-02-10,Chelsea,Man United,1,1,D,25,37,65,19,0.4736842105263158,47,32,15,0.4,26,62,91,52,0.7368421052631579,58,16,42,0.7307692307692307,0,0,0,0,1,1,0,0,0.6,1.0,-25,-26,-33,-0.26315789473684204,-0.3307692307692307,-27
2001-02-10,Everton,Leicester,2,1,H,26,28,50,10,0.3157894736842105,28,39,-11,0.2692307692307692,25,39,55,0,0.42105263157894735,26,27,-1,0.44,0,0,0,0,0,0,0,0,0.2,0.2,-11,-5,10,-0.10526315789473684,-0.17076923076923078,-10
2001-02-10,Leeds,Derby,0,0,D,26,39,69,15,0.5526315789473685,39,35,4,0.4230769230769231,26,27,38,-13,0.2368421052631579,27,43,-16,0.23076923076923078,0,0,0,0,0,0,0,0,0.6,0.4,12,31,28,0.31578947368421056,0.1923076923076923,20
2001-02-10,Man City,Tottenham,0,1,A,26,23,-1,-1,0.0,30,45,-15,0.19230769230769232,26,33,53,8,0.3947368421052632,30,34,-4,0.3076923076923077,0,0,0,0,0,0,0,0,0.0,0.2,-10,-54,-9,-0.3947368421052632,-0.11538461538461539,-11
2001-02-10,Southampton,Bradford,2,0,H,25,32,44,-17,0.3157894736842105,29,34,-5,0.32,25,16,36,-30,0.2368421052631579,16,46,-30,0.12,0,0,0,0,0,0,0,0,0.4,0.2,16,8,13,0.0789473684210526,0.2,25
2001-02-10,Sunderland,Liverpool,1,1,D,26,43,58,1,0.42105263157894735,31,24,7,0.46153846153846156,25,44,67,21,0.5,46,27,19,0.52,0,0,0,0,0,0,0,0,0.4,0.6,-1,-9,-20,-0.07894736842105265,-0.058461538461538454,-12
2001-02-11,Charlton,Newcastle,2,0,H,26,37,-1,-1,0.0,34,38,-4,0.38461538461538464,25,37,52,9,0.3684210526315789,32,35,-3,0.44,0,0,0,0,0,0,0,0,0.4,0.4,0,-53,-10,-0.3684210526315789,-0.055384615384615365,-1
2001-02-12,West Ham,Coventry,1,1,D,25,31,55,-1,0.3947368421052632,32,30,2,0.28,26,21,44,-7,0.3157894736842105,23,45,-22,0.19230769230769232,0,0,0,0,0,0,1,0,0.0,0.0,10,11,6,0.07894736842105271,0.08769230769230771,24
2001-02-24,Bradford,West Ham,1,2,A,26,16,36,-30,0.2368421052631579,16,48,-32,0.11538461538461539,26,32,55,-1,0.3947368421052632,33,31,2,0.2692307692307692,0,0,1,0,0,0,0,0,0.0,0.0,-16,-19,-29,-0.1578947368421053,-0.15384615384615383,-34
2001-02-24,Coventry,Charlton,2,2,D,27,22,44,-7,0.3157894736842105,24,46,-22,0.18518518518518517,27,40,-1,-1,0.0,36,38,-2,0.4074074074074074,0,0,0,0,0,0,0,0,0.0,0.4,-18,45,-6,0.3157894736842105,-0.2222222222222222,-20
2001-02-24,Derby,Aston Villa,1,0,H,27,28,38,-13,0.2368421052631579,27,43,-16,0.2222222222222222,25,33,58,11,0.3947368421052632,28,27,1,0.32,0,0,0,0,0,0,0,0,0.2,0.2,-5,-20,-24,-0.1578947368421053,-0.0977777777777778,-17
2001-02-24,Ipswich,Everton,2,0,H,26,40,-1,-1,0.0,37,33,4,0.46153846153846156,27,31,50,10,0.3157894736842105,30,40,-10,0.2962962962962963,0,0,1,0,0,0,0,0,0.2,0.4,9,-51,-11,-0.3157894736842105,0.16524216524216528,14
2001-02-24,Leicester,Sunderland,2,0,H,26,39,55,0,0.42105263157894735,27,29,-2,0.4230769230769231,27,44,58,1,0.42105263157894735,32,25,7,0.4444444444444444,0,0,0,0,0,0,0,0,0.2,0.2,-5,-3,-1,0.0,-0.021367521367521347,-9
2001-02-24,Middlesbrough,Southampton,0,1,A,27,27,52,-6,0.3684210526315789,31,34,-3,0.18518518518518517,26,35,44,-17,0.3157894736842105,31,34,-3,0.34615384615384615,0,0,0,0,0,0,0,0,0.2,0.4,-8,8,11,0.05263157894736842,-0.16096866096866097,0
2001-02-24,Newcastle,Man City,0,1,A,26,37,52,9,0.3684210526315789,32,37,-5,0.4230769230769231,27,23,-1,-1,0.0,30,46,-16,0.18518518518518517,0,0,0,0,0,0,0,0,0.4,0.0,14,53,10,0.3684210526315789,0.2378917378917379,11
2001-02-24,Tottenham,Leeds,1,2,A,27,36,53,8,0.3947368421052632,31,34,-3,0.3333333333333333,27,40,69,15,0.5526315789473685,39,35,4,0.4074074074074074,0,0,0,0,0,0,0,0,0.2,0.6,-4,-16,-7,-0.15789473684210525,-0.07407407407407407,-7
2001-02-25,Man United,Arsenal,6,1,H,27,63,91,52,0.7368421052631579,59,17,42,0.7037037037037037,27,50,73,30,0.5789473684210527,43,23,20,0.5185185185185185,0,0,0,0,1,0,0,0,0.8,0.6,13,18,22,0.1578947368421052,0.18518518518518523,22
2001-03-03,Arsenal,West Ham,3,0,H,28,50,73,30,0.5789473684210527,44,29,15,0.5,27,35,55,-1,0.3947368421052632,35,32,3,0.2962962962962963,0,0,0,0,0,0,0,0,0.6,0.2,15,18,31,0.18421052631578944,0.20370370370370372,12
2001-03-03,Coventry,Chelsea,0,0,D,28,23,44,-7,0.3157894736842105,26,48,-22,0.17857142857142858,26,38,65,19,0.4736842105263158,48,33,15,0.38461538461538464,0,0,0,0,0,0,0,0,0.0,0.4,-15,-21,-26,-0.1578947368421053,-0.20604395604395606,-37
2001-03-03,Derby,Tottenham,2,1,H,28,31,38,-13,0.2368421052631579,28,43,-15,0.25,28,36,53,8,0.3947368421052632,32,36,-4,0.32142857142857145,0,0,0,0,0,0,0,0,0.4,0.2,-5,-15,-21,-0.1578947368421053,-0.07142857142857145,-11
2001-03-03,Everton,Newcastle,1,1,D,28,31,50,10,0.3157894736842105,30,42,-12,0.2857142857142857,27,37,52,9,0.3684210526315789,32,38,-6,0.4074074074074074,0,0,0,0,0,0,1,0,0.2,0.4,-6,-2,1,-0.05263157894736842,-0.12169312169312169,-6
2001-03-03,Leeds,Man United,1,1,D,28,43,69,15,0.5526315789473685,41,36,5,0.42857142857142855,28,66,91,52,0.7368421052631579,65,18,47,0.7142857142857143,0,0,0,0,0,0,0,0,0.6,0.8,-23,-22,-37,-0.18421052631578938,-0.28571428571428575,-42
2001-03-03,Leicester,Liverpool,2,0,H,27,42,55,0,0.42105263157894735,29,29,0,0.4444444444444444,26,45,67,21,0.5,47,28,19,0.5,0,0,0,0,0,0,0,0,0.4,0.4,-3,-12,-21,-0.07894736842105265,-0.05555555555555558,-19
2001-03-03,Man City,Southampton,0,1,A,28,26,-1,-1,0.0,31,46,-15,0.21428571428571427,27,38,44,-17,0.3157894736842105,32,34,-2,0.37037037037037035,0,0,0,0,1,0,0,0,0.2,0.6,-12,-45,16,-0.3157894736842105,-0.15608465608465608,-13
2001-03-03,Middlesbrough,Charlton,0,0,D,28,27,52,-6,0.3684210526315789,31,35,-4,0.17857142857142858,28,41,-1,-1,0.0,38,40,-2,0.39285714285714285,0,0,0,0,0,0,0,0,0.0,0.4,-14,53,-5,0.3684210526315789,-0.21428571428571427,-2
2001-03-04,Ipswich,Bradford,3,1,H,27,43,-1,-1,0.0,39,33,6,0.48148148148148145,27,16,36,-30,0.2368421052631579,17,50,-33,0.1111111111111111,0,0,0,0,0,0,1,0,0.4,0.0,27,-37,29,-0.2368421052631579,0.37037037037037035,39
2001-03-05,Sunderland,Aston Villa,1,1,D,28,44,58,1,0.42105263157894735,32,27,5,0.42857142857142855,26,33,58,11,0.3947368421052632,28,28,0,0.3076923076923077,0,0,0,0,0,0,0,0,0.0,0.2,11,0,-10,0.026315789473684126,0.12087912087912084,5
2001-03-07,West Ham,Chelsea,0,2,A,28,35,55,-1,0.3947368421052632,35,35,0,0.2857142857142857,27,39,65,19,0.4736842105263158,48,33,15,0.37037037037037035,0,0,0,0,0,0,0,0,0.2,0.4,-4,-10,-20,-0.0789473684210526,-0.08465608465608465,-15
2001-03-10,Aston Villa,Ipswich,2,1,H,27,34,58,11,0.3947368421052632,29,29,0,0.2962962962962963,28,46,-1,-1,0.0,42,34,8,0.5,0,0,0,0,0,0,0,0,0.2,0.4,-12,59,12,0.3947368421052632,-0.20370370370370372,-8
2001-03-17,Bradford,Man City,2,2,D,28,16,36,-30,0.2368421052631579,18,53,-35,0.10714285714285714,29,26,-1,-1,0.0,31,47,-16,0.20689655172413793,0,0,1,1,0,0,0,0,0.0,0.2,-10,37,-29,0.2368421052631579,-0.09975369458128079,-19
2001-03-17,Charlton,Leeds,1,2,A,29,42,-1,-1,0.0,38,40,-2,0.3793103448275862,29,44,69,15,0.5526315789473685,42,37,5,0.41379310344827586,0,0,0,0,0,0,0,0,0.4,0.4,-2,-70,-16,-0.5526315789473685,-0.03448275862068967,-7
2001-03-17,Chelsea,Sunderland,2,4,A,28,42,65,19,0.4736842105263158,50,33,17,0.39285714285714285,29,45,58,1,0.42105263157894735,33,28,5,0.41379310344827586,0,0,0,0,0,0,0,0,0.4,0.0,-3,7,18,0.052631578947368474,-0.020935960591133007,12
2001-03-17,Man United,Leicester,2,0,H,29,67,91,52,0.7368421052631579,66,19,47,0.6896551724137931,28,45,55,0,0.42105263157894735,31,29,2,0.4642857142857143,0,0,0,0,0,0,0,0,0.6,0.6,22,36,52,0.3157894736842105,0.22536945812807885,45
2001-03-17,Newcastle,Middlesbrough,1,2,A,28,38,52,9,0.3684210526315789,33,39,-6,0.39285714285714285,29,28,52,-6,0.3684210526315789,31,35,-4,0.1724137931034483,0,0,0,0,0,0,0,0,0.2,0.0,10,0,15,0.0,0.22044334975369456,-2
2001-03-17,Southampton,Everton,1,0,H,28,41,44,-17,0.3157894736842105,33,34,-1,0.39285714285714285,29,32,50,10,0.3157894736842105,31,43,-12,0.27586206896551724,1,0,0,0,0,0,0,0,0.8,0.2,9,-6,-27,0.0,0.11699507389162561,11
2001-03-17,Tottenham,Coventry,3,0,H,29,36,53,8,0.3947368421052632,33,38,-5,0.3103448275862069,29,24,44,-7,0.3157894736842105,26,48,-22,0.1724137931034483,0,0,0,0,0,0,0,0,0.2,0.0,12,9,15,0.07894736842105271,0.13793103448275862,17
2001-03-17,West Ham,Ipswich,0,1,A,29,35,55,-1,0.3947368421052632,35,37,-2,0.27586206896551724,29,46,-1,-1,0.0,43,36,7,0.4827586206896552,0,0,0,0,0,0,0,0,0.2,0.4,-11,56,0,0.3947368421052632,-0.20689655172413796,-9
2001-03-18,Aston Villa,Arsenal,0,0,D,28,37,58,11,0.3947368421052632,31,30,1,0.32142857142857145,29,53,73,30,0.5789473684210527,47,29,18,0.5172413793103449,0,0,0,0,0,0,0,0,0.4,0.8,-16,-15,-19,-0.18421052631578944,-0.1958128078817734,-17
2001-03-18,Liverpool,Derby,1,1,D,27,45,67,21,0.5,47,30,17,0.48148148148148145,29,34,38,-13,0.2368421052631579,30,44,-14,0.27586206896551724,0,0,0,0,0,0,0,0,0.2,0.6,11,29,34,0.2631578947368421,0.20561941251596422,31
2001-03-31,Arsenal,Tottenham,2,0,H,30,54,73,30,0.5789473684210527,47,29,18,0.5,30,39,53,8,0.3947368421052632,36,38,-2,0.3333333333333333,0,0,0,0,0,0,0,0,0.6,0.4,15,20,22,0.18421052631578944,0.16666666666666669,20
2001-03-31,Bradford,Newcastle,2,2,D,29,17,36,-30,0.2368421052631579,20,55,-35,0.10344827586206896,29,38,52,9,0.3684210526315789,34,41,-7,0.3793103448275862,0,0,0,0,0,0,0,0,0.0,0.0,-21,-16,-39,-0.13157894736842102,-0.27586206896551724,-28
2001-03-31,Chelsea,Middlesbrough,2,1,H,29,42,65,19,0.4736842105263158,52,37,15,0.3793103448275862,30,31,52,-6,0.3684210526315789,33,36,-3,0.2,0,0,0,0,0,0,0,0,0.2,0.2,11,13,25,0.10526315789473689,0.17931034482758618,18
2001-03-31,Coventry,Derby,2,0,H,30,24,44,-7,0.3157894736842105,26,51,-25,0.16666666666666666,30,35,38,-13,0.2368421052631579,31,45,-14,0.26666666666666666,0,0,0,0,0,0,0,0,0.0,0.6,-11,6,6,0.0789473684210526,-0.1,-11
2001-03-31,Liverpool,Man United,2,0,H,28,46,67,21,0.5,48,31,17,0.4642857142857143,30,70,91,52,0.7368421052631579,68,19,49,0.7,0,0,0,0,0,0,0,0,0.2,0.6,-24,-24,-31,-0.23684210526315785,-0.23571428571428565,-32
2001-03-31,Man City,Aston Villa,1,3,A,30,27,-1,-1,0.0,33,49,-16,0.2,29,38,58,11,0.3947368421052632,31,30,1,0.3103448275862069,0,0,0,0,0,0,0,0,0.2,0.2,-11,-59,-12,-0.3947368421052632,-0.1103448275862069,-17
2001-03-31,Sunderland,Leeds,0,2,A,30,48,58,1,0.42105263157894735,37,30,7,0.43333333333333335,30,47,69,15,0.5526315789473685,44,38,6,0.43333333333333335,0,0,0,0,0,0,0,0,0.2,0.4,1,-11,-14,-0.13157894736842113,0.0,1
2001-03-31,West Ham,Everton,0,2,A,30,35,55,-1,0.3947368421052632,35,38,-3,0.26666666666666666,30,32,50,10,0.3157894736842105,31,44,-13,0.26666666666666666,0,0,1,0,0,0,0,0,0.2,0.2,3,5,-11,0.07894736842105271,0.0,10
2001-04-01,Charlton,Leicester,2,0,H,30,42,-1,-1,0.0,39,42,-3,0.36666666666666664,29,45,55,0,0.42105263157894735,31,31,0,0.4482758620689655,0,0,0,0,0,0,0,0,0.2,0.6,-3,-56,-1,-0.42105263157894735,-0.08160919540229888,-3
2001-04-02,Southampton,Ipswich,0,3,A,29,44,44,-17,0.3157894736842105,34,34,0,0.41379310344827586,30,49,-1,-1,0.0,44,36,8,0.5,1,1,0,0,0,0,0,0,1.0,0.6,-5,45,-16,0.3157894736842105,-0.08620689655172414,-8
2001-04-04,Aston Villa,Leicester,2,1,H,30,41,58,11,0.3947368421052632,34,31,3,0.3333333333333333,30,45,55,0,0.42105263157894735,31,33,-2,0.43333333333333335,0,0,0,0,0,0,0,0,0.4,0.4,-4,3,11,-0.026315789473684126,-0.10000000000000003,5
2001-04-07,Aston Villa,West Ham,2,2,D,31,44,58,11,0.3947368421052632,36,32,4,0.3548387096774194,31,35,55,-1,0.3947368421052632,35,40,-5,0.25806451612903225,0,0,0,0,0,0,1,0,0.6,0.2,9,3,12,0.0,0.09677419354838712,9
2001-04-07,Derby,Chelsea,0,4,A,31,35,38,-13,0.2368421052631579,31,47,-16,0.25806451612903225,30,45,65,19,0.4736842105263158,54,38,16,0.4,0,0,0,0,0,0,0,0,0.4,0.4,-10,-27,-32,-0.2368421052631579,-0.14193548387096777,-32
2001-04-07,Leeds,Southampton,2,0,H,31,50,69,15,0.5526315789473685,46,38,8,0.45161290322580644,30,44,44,-17,0.3157894736842105,34,37,-3,0.4,0,0,0,0,0,0,0,0,0.6,0.8,6,25,32,0.23684210526315796,0.05161290322580642,11
2001-04-07,Leicester,Coventry,1,3,A,31,45,55,0,0.42105263157894735,32,35,-3,0.41935483870967744,31,27,44,-7,0.3157894736842105,28,51,-23,0.1935483870967742,0,0,1,0,0,0,0,0,0.4,0.2,18,11,7,0.10526315789473684,0.22580645161290325,20
2001-04-08,Everton,Man City,3,1,H,31,35,50,10,0.3157894736842105,33,44,-11,0.2903225806451613,31,27,-1,-1,0.0,34,52,-18,0.1935483870967742,0,0,0,0,0,0,0,0,0.4,0.2,8,51,11,0.3157894736842105,0.09677419354838712,7
2001-04-09,Middlesbrough,Sunderland,0,0,D,31,31,52,-6,0.3684210526315789,34,38,-4,0.1935483870967742,31,48,58,1,0.42105263157894735,37,32,5,0.41935483870967744,0,0,0,0,0,0,0,0,0.2,0.2,-17,-6,-7,-0.05263157894736842,-0.22580645161290325,-9
2001-04-10,Ipswich,Liverpool,1,1,D,31,52,-1,-1,0.0,47,36,11,0.5161290322580645,29,49,67,21,0.5,50,31,19,0.4827586206896552,0,0,0,0,0,0,0,0,0.8,0.4,3,-68,-22,-0.5,0.03337041156840931,-8
2001-04-10,Man United,Charlton,2,1,H,31,70,91,52,0.7368421052631579,68,21,47,0.6774193548387096,31,45,-1,-1,0.0,41,42,-1,0.3870967741935484,0,0,0,0,0,0,0,0,0.4,0.4,25,92,53,0.7368421052631579,0.29032258064516125,48
2001-04-10,Tottenham,Bradford,2,1,H,31,39,53,8,0.3947368421052632,36,40,-4,0.3225806451612903,30,18,36,-30,0.2368421052631579,22,57,-35,0.1,0,0,0,0,0,0,0,0,0.4,0.0,21,17,38,0.1578947368421053,0.2225806451612903,31
2001-04-11,Man City,Arsenal,0,4,A,32,27,-1,-1,0.0,35,55,-20,0.1875,31,57,73,30,0.5789473684210527,49,29,20,0.5161290322580645,0,0,0,0,0,0,0,0,0.2,0.6,-30,-74,-31,-0.5789473684210527,-0.3286290322580645,-40
2001-04-13,Bradford,Charlton,2,0,H,31,18,36,-30,0.2368421052631579,23,59,-36,0.0967741935483871,32,45,-1,-1,0.0,42,44,-2,0.375,0,0,0,0,0,0,0,0,0.0,0.2,-27,37,-29,0.2368421052631579,-0.2782258064516129,-34
2001-04-13,Liverpool,Leeds,1,2,A,30,50,67,21,0.5,51,32,19,0.4666666666666667,32,53,69,15,0.5526315789473685,48,38,10,0.46875,0,0,0,0,1,0,0,0,0.2,0.8,-3,-2,6,-0.052631578947368474,-0.002083333333333326,9
2001-04-14,Arsenal,Middlesbrough,0,3,A,32,60,73,30,0.5789473684210527,53,29,24,0.53125,32,32,52,-6,0.3684210526315789,34,38,-4,0.1875,0,0,0,0,0,0,0,0,0.6,0.2,28,21,36,0.21052631578947373,0.34375,28
2001-04-14,Aston Villa,Everton,2,1,H,32,45,58,11,0.3947368421052632,38,34,4,0.34375,32,38,50,10,0.3157894736842105,36,45,-9,0.3125,0,0,0,0,0,0,0,0,0.6,0.4,7,8,1,0.07894736842105271,0.03125,13
2001-04-14,Chelsea,Southampton,1,0,H,31,48,65,19,0.4736842105263158,58,38,20,0.41935483870967744,31,44,44,-17,0.3157894736842105,34,39,-5,0.3870967741935484,0,0,0,0,0,0,0,0,0.6,0.6,4,21,36,0.1578947368421053,0.03225806451612906,25
2001-04-14,Ipswich,Newcastle,1,0,H,32,53,-1,-1,0.0,48,37,11,0.5,30,39,52,9,0.3684210526315789,36,43,-7,0.36666666666666664,0,0,0,0,0,0,0,0,0.6,0.0,14,-53,-10,-0.3684210526315789,0.13333333333333336,18
2001-04-14,Leicester,Man City,1,2,A,32,45,55,0,0.42105263157894735,33,38,-5,0.40625,33,27,-1,-1,0.0,35,59,-24,0.18181818181818182,0,0,1,0,0,0,1,0,0.2,0.0,18,56,1,0.42105263157894735,0.22443181818181818,19
2001-04-14,Man United,Coventry,4,2,H,32,73,91,52,0.7368421052631579,70,22,48,0.6875,32,30,44,-7,0.3157894736842105,31,52,-21,0.21875,0,0,0,0,0,0,0,0,0.6,0.4,43,47,59,0.42105263157894735,0.46875,69
2001-04-14,Sunderland,Tottenham,2,3,A,32,49,58,1,0.42105263157894735,37,32,5,0.40625,32,42,53,8,0.3947368421052632,38,41,-3,0.34375,0,0,0,0,0,0,0,0,0.2,0.4,7,5,-7,0.026315789473684126,0.0625,8
2001-04-14,West Ham,Derby,3,1,H,32,36,55,-1,0.3947368421052632,37,42,-5,0.25,32,35,38,-13,0.2368421052631579,31,51,-20,0.25,0,0,0,0,0,0,0,0,0.0,0.4,1,17,12,0.1578947368421053,0.0,15
2001-04-16,Coventry,Sunderland,1,0,H,33,30,44,-7,0.3157894736842105,33,56,-23,0.21212121212121213,33,49,58,1,0.42105263157894735,39,35,4,0.3939393939393939,0,0,0,0,0,0,0,0,0.4,0.2,-19,-14,-8,-0.10526315789473684,-0.1818181818181818,-27
2001-04-16,Derby,Leicester,2,0,H,33,35,38,-13,0.2368421052631579,32,54,-22,0.24242424242424243,33,45,55,0,0.42105263157894735,34,40,-6,0.3939393939393939,0,0,1,0,0,0,1,1,0.2,0.0,-10,-17,-13,-0.18421052631578944,-0.1515151515151515,-16
2001-04-16,Everton,Liverpool,2,3,A,33,38,50,10,0.3157894736842105,37,47,-10,0.30303030303030304,31,50,67,21,0.5,52,34,18,0.45161290322580644,0,0,0,0,0,0,0,0,0.4,0.2,-12,-17,-11,-0.1842105263157895,-0.1485826001955034,-28
2001-04-16,Middlesbrough,Ipswich,1,2,A,33,35,52,-6,0.3684210526315789,37,38,-1,0.21212121212121213,33,56,-1,-1,0.0,49,37,12,0.5151515151515151,0,0,0,0,0,0,0,0,0.4,0.6,-21,53,-5,0.3684210526315789,-0.303030303030303,-13
2001-04-16,Newcastle,West Ham,2,1,H,31,39,52,9,0.3684210526315789,36,44,-8,0.3548387096774194,33,39,55,-1,0.3947368421052632,40,43,-3,0.2727272727272727,0,0,0,0,0,0,0,0,0.0,0.2,0,-3,10,-0.026315789473684292,0.08211143695014667,-5
2001-04-17,Charlton,Aston Villa,3,3,D,33,45,-1,-1,0.0,42,46,-4,0.36363636363636365,33,48,58,11,0.3947368421052632,40,35,5,0.36363636363636365,0,0,0,0,0,0,0,0,0.2,0.6,-3,-59,-12,-0.3947368421052632,0.0,-9
2001-04-17,Tottenham,Chelsea,0,3,A,33,45,53,8,0.3947368421052632,41,43,-2,0.36363636363636365,32,51,65,19,0.4736842105263158,59,38,21,0.4375,0,0,0,0,1,0,0,0,0.6,0.8,-6,-12,-11,-0.0789473684210526,-0.07386363636363635,-23
2001-04-21,Arsenal,Everton,4,1,H,33,60,73,30,0.5789473684210527,53,32,21,0.5151515151515151,34,38,50,10,0.3157894736842105,39,50,-11,0.29411764705882354,0,0,0,0,0,0,0,0,0.6,0.4,22,23,20,0.26315789473684215,0.2210338680926916,32
2001-04-21,Aston Villa,Southampton,0,0,D,34,49,58,11,0.3947368421052632,43,38,5,0.35294117647058826,32,44,44,-17,0.3157894736842105,34,40,-6,0.375,0,0,0,0,0,0,1,0,0.6,0.4,5,14,28,0.07894736842105271,-0.022058823529411742,11
2001-04-21,Bradford,Derby,2,0,H,32,21,36,-30,0.2368421052631579,25,59,-34,0.125,34,38,38,-13,0.2368421052631579,34,54,-20,0.2647058823529412,0,0,0,0,0,0,0,0,0.2,0.2,-17,-2,-17,0.0,-0.13970588235294118,-14
2001-04-21,Chelsea,Charlton,0,1,A,33,54,65,19,0.4736842105263158,62,38,24,0.45454545454545453,34,46,-1,-1,0.0,45,49,-4,0.35294117647058826,1,0,0,0,0,0,0,0,0.8,0.2,8,66,20,0.4736842105263158,0.10160427807486627,28
2001-04-21,Ipswich,Coventry,2,0,H,34,59,-1,-1,0.0,51,38,13,0.5294117647058824,34,33,44,-7,0.3157894736842105,34,56,-22,0.23529411764705882,0,0,0,0,0,0,0,0,0.8,0.6,26,-45,6,-0.3157894736842105,0.29411764705882354,35
2001-04-21,Leicester,Middlesbrough,0,3,A,34,45,55,0,0.42105263157894735,34,42,-8,0.38235294117647056,34,35,52,-6,0.3684210526315789,38,40,-2,0.20588235294117646,0,0,1,1,0,0,0,0,0.0,0.4,10,3,6,0.05263157894736842,0.1764705882352941,-6
2001-04-21,Man United,Man City,1,1,D,33,76,91,52,0.7368421052631579,74,24,50,0.696969696969697,34,30,-1,-1,0.0,37,60,-23,0.20588235294117646,0,0,0,0,0,0,0,0,0.6,0.2,46,92,53,0.7368421052631579,0.49108734402852056,73
2001-04-21,Sunderland,Newcastle,1,1,D,34,49,58,1,0.42105263157894735,39,36,3,0.38235294117647056,32,42,52,9,0.3684210526315789,38,45,-7,0.375,0,0,0,0,0,0,0,0,0.2,0.2,7,6,-8,0.05263157894736842,0.007352941176470562,10
2001-04-21,West Ham,Leeds,0,2,A,34,39,55,-1,0.3947368421052632,41,45,-4,0.2647058823529412,33,56,69,15,0.5526315789473685,50,39,11,0.48484848484848486,0,0,0,0,1,0,0,0,0.2,0.8,-17,-14,-16,-0.15789473684210525,-0.22014260249554368,-15
2001-04-22,Liverpool,Tottenham,3,1,H,32,53,67,21,0.5,55,36,19,0.46875,34,45,53,8,0.3947368421052632,41,46,-5,0.35294117647058826,0,0,0,0,0,0,0,0,0.4,0.6,8,14,13,0.10526315789473678,0.11580882352941174,24
2001-04-28,Coventry,Liverpool,0,2,A,35,33,44,-7,0.3157894736842105,34,58,-24,0.22857142857142856,33,56,67,21,0.5,58,37,21,0.48484848484848486,0,0,0,0,0,0,0,0,0.6,0.6,-23,-23,-28,-0.1842105263157895,-0.2562770562770563,-45
2001-04-28,Derby,Arsenal,1,2,A,35,38,38,-13,0.2368421052631579,34,56,-22,0.2571428571428571,34,63,73,30,0.5789473684210527,57,33,24,0.5294117647058824,0,0,0,0,0,0,0,0,0.2,0.6,-25,-35,-43,-0.34210526315789475,-0.27226890756302524,-46
2001-04-28,Everton,Bradford,2,1,H,35,38,50,10,0.3157894736842105,40,54,-14,0.2857142857142857,33,24,36,-30,0.2368421052631579,27,59,-32,0.15151515151515152,0,0,1,0,0,0,0,0,0.4,0.4,14,14,40,0.0789473684210526,0.13419913419913418,18
2001-04-28,Leeds,Chelsea,2,0,H,34,59,69,15,0.5526315789473685,52,39,13,0.5,34,54,65,19,0.4736842105263158,62,39,23,0.4411764705882353,1,1,0,0,0,0,0,0,1.0,0.8,5,4,-4,0.07894736842105265,0.05882352941176472,-10
2001-04-28,Man City,West Ham,1,0,H,35,31,-1,-1,0.0,38,61,-23,0.2,35,39,55,-1,0.3947368421052632,41,47,-6,0.2571428571428571,0,0,0,0,0,0,0,0,0.2,0.2,-8,-56,0,-0.3947368421052632,-0.057142857142857106,-17
2001-04-28,Middlesbrough,Man United,0,2,A,35,38,52,-6,0.3684210526315789,41,40,1,0.22857142857142856,34,77,91,52,0.7368421052631579,75,25,50,0.6764705882352942,0,0,0,0,0,0,0,0,0.4,0.6,-39,-39,-58,-0.3684210526315789,-0.4478991596638656,-49
2001-04-28,Newcastle,Leicester,1,0,H,33,43,52,9,0.3684210526315789,39,46,-7,0.36363636363636365,35,45,55,0,0.42105263157894735,34,45,-11,0.37142857142857144,0,0,0,0,0,0,1,1,0.2,0.0,-2,-3,9,-0.05263157894736842,-0.007792207792207795,4
2001-04-28,Southampton,Sunderland,0,1,A,33,45,44,-17,0.3157894736842105,34,40,-6,0.36363636363636365,35,50,58,1,0.42105263157894735,40,37,3,0.37142857142857144,0,0,0,0,0,0,0,0,0.2,0.0,-5,-14,-18,-0.10526315789473684,-0.007792207792207795,-9
2001-04-28,Tottenham,Aston Villa,0,0,D,35,45,53,8,0.3947368421052632,42,49,-7,0.34285714285714286,35,50,58,11,0.3947368421052632,43,38,5,0.34285714285714286,0,0,0,0,0,0,0,0,0.4,0.4,-5,-5,-3,0.0,0.0,-12
2001-04-30,Charlton,Ipswich,2,1,H,35,49,-1,-1,0.0,46,49,-3,0.37142857142857144,35,62,-1,-1,0.0,53,38,15,0.5428571428571428,0,0,0,0,1,0,0,0,0.4,0.8,-13,0,0,0.0,-0.17142857142857137,-18
2001-05-01,Bradford,Liverpool,0,2,A,34,24,36,-30,0.2368421052631579,28,61,-33,0.14705882352941177,34,59,67,21,0.5,60,37,23,0.5,0,0,0,0,1,0,0,0,0.4,0.6,-35,-31,-51,-0.2631578947368421,-0.3529411764705882,-56
2001-05-01,Newcastle,Southampton,1,1,D,34,46,52,9,0.3684210526315789,40,46,-6,0.38235294117647056,34,45,44,-17,0.3157894736842105,34,41,-7,0.35294117647058826,0,0,0,0,0,0,0,0,0.4,0.0,1,8,26,0.05263157894736842,0.029411764705882304,1
2001-05-05,Arsenal,Leeds,2,1,H,35,66,73,30,0.5789473684210527,59,34,25,0.5428571428571428,35,62,69,15,0.5526315789473685,54,39,15,0.5142857142857142,0,0,0,0,1,1,0,0,0.8,1.0,4,4,15,0.02631578947368418,0.02857142857142858,10
2001-05-05,Aston Villa,Coventry,3,2,H,36,51,58,11,0.3947368421052632,43,38,5,0.3333333333333333,36,33,44,-7,0.3157894736842105,34,60,-26,0.2222222222222222,0,0,0,0,0,0,0,0,0.2,0.4,18,14,18,0.07894736842105271,0.1111111111111111,31
2001-05-05,Bradford,Middlesbrough,1,1,D,35,24,36,-30,0.2368421052631579,28,63,-35,0.14285714285714285,36,38,52,-6,0.3684210526315789,41,42,-1,0.2222222222222222,0,0,0,0,0,0,0,0,0.4,0.4,-14,-16,-24,-0.13157894736842102,-0.07936507936507936,-34
2001-05-05,Chelsea,Everton,2,1,H,35,54,65,19,0.4736842105263158,62,41,21,0.42857142857142855,36,41,50,10,0.3157894736842105,42,55,-13,0.3055555555555556,0,0,0,0,0,0,0,0,0.6,0.4,13,15,9,0.1578947368421053,0.12301587301587297,34
2001-05-05,Leicester,Tottenham,4,2,H,36,45,55,0,0.42105263157894735,34,46,-12,0.3611111111111111,36,46,53,8,0.3947368421052632,42,49,-7,0.3333333333333333,0,0,1,1,0,0,0,0,0.0,0.4,-1,2,-8,0.026315789473684126,0.02777777777777779,-5
2001-05-05,Liverpool,Newcastle,3,0,H,35,62,67,21,0.5,62,37,25,0.5142857142857142,35,47,52,9,0.3684210526315789,41,47,-6,0.37142857142857144,1,0,0,0,0,0,0,0,0.8,0.4,15,15,12,0.13157894736842107,0.1428571428571428,31
2001-05-05,Man United,Derby,0,1,A,35,80,91,52,0.7368421052631579,77,25,52,0.6857142857142857,36,38,38,-13,0.2368421052631579,35,58,-23,0.25,0,0,0,0,0,0,0,0,0.6,0.2,42,53,65,0.49999999999999994,0.4357142857142857,75
2001-05-05,Sunderland,Charlton,3,2,H,36,53,58,1,0.42105263157894735,41,37,4,0.3888888888888889,36,52,-1,-1,0.0,48,50,-2,0.3888888888888889,0,0,0,0,0,0,0,0,0.2,0.4,1,59,2,0.42105263157894735,0.0,6
2001-05-05,West Ham,Southampton,3,0,H,36,39,55,-1,0.3947368421052632,41,48,-7,0.25,35,46,44,-17,0.3157894736842105,35,42,-7,0.34285714285714286,0,0,1,0,0,0,0,0,0.2,0.0,-7,11,16,0.07894736842105271,-0.09285714285714286,0
2001-05-07,Ipswich,Man City,2,1,H,36,62,-1,-1,0.0,54,40,14,0.5277777777777778,36,34,-1,-1,0.0,39,61,-22,0.2222222222222222,0,0,0,0,0,0,0,0,0.6,0.4,28,0,0,0.0,0.3055555555555556,36
2001-05-08,Liverpool,Chelsea,2,2,D,36,65,67,21,0.5,65,37,28,0.5277777777777778,36,57,65,19,0.4736842105263158,64,42,22,0.4444444444444444,1,1,0,0,0,0,0,0,1.0,0.6,8,2,2,0.02631578947368418,0.08333333333333337,6
2001-05-13,Leeds,Bradford,6,1,H,36,62,69,15,0.5526315789473685,55,41,14,0.5,36,25,36,-30,0.2368421052631579,29,64,-35,0.1388888888888889,0,0,0,0,0,0,0,0,0.8,0.4,37,33,45,0.31578947368421056,0.3611111111111111,49
2001-05-13,Southampton,Man United,2,1,H,36,46,44,-17,0.3157894736842105,35,45,-10,0.3333333333333333,36,80,91,52,0.7368421052631579,77,26,51,0.6666666666666666,0,0,0,0,0,0,0,0,0.0,0.6,-34,-47,-69,-0.42105263157894735,-0.3333333333333333,-61
2001-05-15,Newcastle,Arsenal,0,0,D,36,47,52,9,0.3684210526315789,41,50,-9,0.3611111111111111,36,69,73,30,0.5789473684210527,61,35,26,0.5555555555555556,0,0,0,0,1,0,0,0,0.4,0.8,-22,-21,-21,-0.21052631578947373,-0.19444444444444448,-35
2001-05-19,Charlton,Liverpool,0,4,A,37,52,-1,-1,0.0,50,53,-3,0.3783783783783784,37,66,67,21,0.5,67,39,28,0.5135135135135135,0,0,0,0,0,0,0,0,0.4,0.8,-14,-68,-22,-0.5,-0.1351351351351351,-31
2001-05-19,Coventry,Bradford,0,0,D,37,33,44,-7,0.3157894736842105,36,63,-27,0.21621621621621623,37,25,36,-30,0.2368421052631579,30,70,-40,0.13513513513513514,0,0,1,0,0,0,0,0,0.2,0.2,8,8,23,0.0789473684210526,0.08108108108108109,13
2001-05-19,Derby,Ipswich,1,1,D,37,41,38,-13,0.2368421052631579,36,58,-22,0.2702702702702703,37,65,-1,-1,0.0,56,41,15,0.5405405405405406,0,0,0,0,0,0,0,0,0.4,0.8,-24,39,-12,0.2368421052631579,-0.2702702702702703,-37
2001-05-19,Everton,Sunderland,2,2,D,37,41,50,10,0.3157894736842105,43,57,-14,0.2972972972972973,37,56,58,1,0.42105263157894735,44,39,5,0.40540540540540543,0,0,0,0,0,0,0,0,0.2,0.4,-15,-8,9,-0.10526315789473684,-0.10810810810810811,-19
2001-05-19,Leeds,Leicester,3,1,H,37,65,69,15,0.5526315789473685,61,42,19,0.5135135135135135,37,48,55,0,0.42105263157894735,38,48,-10,0.3783783783783784,0,0,0,0,0,0,0,0,0.8,0.2,17,14,15,0.13157894736842113,0.1351351351351351,29
2001-05-19,Man City,Chelsea,1,2,A,37,34,-1,-1,0.0,40,63,-23,0.21621621621621623,37,58,65,19,0.4736842105263158,66,44,22,0.43243243243243246,0,0,0,0,0,0,0,0,0.4,0.4,-24,-66,-20,-0.4736842105263158,-0.21621621621621623,-45
2001-05-19,Middlesbrough,West Ham,2,1,H,37,39,52,-6,0.3684210526315789,42,43,-1,0.21621621621621623,37,42,55,-1,0.3947368421052632,44,48,-4,0.2702702702702703,0,0,0,0,0,0,0,0,0.4,0.4,-3,-3,-5,-0.026315789473684292,-0.05405405405405406,3
2001-05-19,Newcastle,Aston Villa,3,0,H,37,48,52,9,0.3684210526315789,41,50,-9,0.35135135135135137,37,54,58,11,0.3947368421052632,46,40,6,0.35135135135135137,0,0,0,0,0,0,0,0,0.2,0.4,-6,-6,-2,-0.026315789473684292,0.0,-15
2001-05-19,Southampton,Arsenal,3,2,H,37,49,44,-17,0.3157894736842105,37,46,-9,0.35135135135135137,37,70,73,30,0.5789473684210527,61,35,26,0.5405405405405406,0,0,0,0,0,0,0,0,0.2,0.6,-21,-29,-47,-0.26315789473684215,-0.1891891891891892,-35
2001-05-19,Tottenham,Man United,3,1,H,37,46,53,8,0.3947368421052632,44,53,-9,0.32432432432432434,37,80,91,52,0.7368421052631579,78,28,50,0.6486486486486487,0,0,0,0,0,0,0,0,0.2,0.4,-34,-38,-44,-0.34210526315789463,-0.32432432432432434,-59
