Date,HomeTeam,AwayTeam,FTHG,FTAG,FTR,HT_match_played,HT_current_standing,HT_past_standing,HT_past_goal_diff,HT_past_win_rate,HT_goal_for,HT_goal_against,HT_goal_diff,HT_win_rate_season,AT_match_played,AT_current_standing,AT_past_standing,AT_past_goal_diff,AT_past_win_rate,AT_goal_for,AT_goal_against,AT_goal_diff,AT_win_rate_season,HT_3_win_streak,HT_5_win_streak,HT_3_lose_Streak,HT_5_lose_Streak,AT_3_win_streak,AT_5_win_streak,AT_3_lose_Streak,AT_5_lose_Streak,HT_5_win_rate,AT_5_win_rate,current_standing_diff,past_standing_diff,past_goal_diff_diff,past_win_rate_diff,win_rate_season_diff,goal_diff_diff
2003-08-16,Arsenal,Everton,2,1,H,0,0,78,43,0.6052631578947368,0,0,0,,0,0,59,-1,0.4473684210526316,0,0,0,,0,0,0,0,0,0,0,0,,,0,19,44,0.15789473684210525,,0
2003-08-16,Birmingham,Tottenham,1,0,H,0,0,48,-8,0.34210526315789475,0,0,0,,0,0,50,-11,0.3684210526315789,0,0,0,,0,0,0,0,0,0,0,0,,,0,-2,3,-0.02631578947368418,,0
2003-08-16,Blackburn,Wolves,5,1,H,0,0,60,9,0.42105263157894735,0,0,0,,0,0,-1,-1,0.0,0,0,0,,0,0,0,0,0,0,0,0,,,0,61,10,0.42105263157894735,,0
2003-08-16,Fulham,Middlesbrough,3,2,H,0,0,48,-9,0.34210526315789475,0,0,0,,0,0,-1,-1,0.0,0,0,0,,0,0,0,0,0,0,0,0,,,0,49,-8,0.34210526315789475,,0
2003-08-16,Leicester,Southampton,2,2,D,0,0,-1,-1,0.0,0,0,0,,0,0,52,-3,0.34210526315789475,0,0,0,,0,0,0,0,0,0,0,0,,,0,-53,2,-0.34210526315789475,,0
2003-08-16,Man United,Bolton,4,0,H,0,0,83,40,0.6578947368421053,0,0,0,,0,0,44,-10,0.2631578947368421,0,0,0,,0,0,0,0,0,0,0,0,,,0,39,50,0.3947368421052632,,0
2003-08-16,Portsmouth,Aston Villa,2,1,H,0,0,-1,-1,0.0,0,0,0,,0,0,45,-5,0.3157894736842105,0,0,0,,0,0,0,0,0,0,0,0,,,0,-46,4,-0.3157894736842105,,0
2003-08-17,Charlton,Man City,0,3,A,0,0,49,-11,0.3684210526315789,0,0,0,,0,0,51,-7,0.3947368421052632,0,0,0,,0,0,0,0,0,0,0,0,,,0,-2,-4,-0.026315789473684292,,0
2003-08-17,Leeds,Newcastle,2,2,D,0,0,47,1,0.3684210526315789,0,0,0,,0,0,69,15,0.5526315789473685,0,0,0,,0,0,0,0,0,0,0,0,,,0,-22,-14,-0.18421052631578955,,0
2003-08-17,Liverpool,Chelsea,1,2,A,0,0,64,20,0.4736842105263158,0,0,0,,0,0,67,30,0.5,0,0,0,,0,0,0,0,0,0,0,0,,,0,-3,-10,-0.02631578947368418,,0
2003-08-23,Bolton,Blackburn,2,2,D,1,0,44,-10,0.2631578947368421,0,4,-4,0.0,1,3,60,9,0.42105263157894735,5,1,4,1.0,0,0,0,0,0,0,0,0,,,-3,-16,-19,-0.15789473684210525,-1.0,-8
2003-08-23,Chelsea,Leicester,2,1,H,1,3,67,30,0.5,2,1,1,1.0,1,1,-1,-1,0.0,2,2,0,0.0,0,0,0,0,0,0,0,0,,,2,68,31,0.5,1.0,1
2003-08-23,Everton,Fulham,3,1,H,1,0,59,-1,0.4473684210526316,1,2,-1,0.0,1,3,48,-9,0.34210526315789475,3,2,1,1.0,0,0,0,0,0,0,0,0,,,-3,11,8,0.10526315789473684,-1.0,-2
2003-08-23,Man City,Portsmouth,1,1,D,1,3,51,-7,0.3947368421052632,3,0,3,1.0,1,3,-1,-1,0.0,2,1,1,1.0,0,0,0,0,0,0,0,0,,,0,52,-6,0.3947368421052632,0.0,2
2003-08-23,Newcastle,Man United,1,2,A,1,1,69,15,0.5526315789473685,2,2,0,0.0,1,3,83,40,0.6578947368421053,4,0,4,1.0,0,0,0,0,0,0,0,0,,,-2,-14,-25,-0.10526315789473684,-1.0,-4
2003-08-23,Southampton,Birmingham,0,0,D,1,1,52,-3,0.34210526315789475,2,2,0,0.0,1,3,48,-8,0.34210526315789475,1,0,1,1.0,0,0,0,0,0,0,0,0,,,-2,4,5,0.0,-1.0,-1
2003-08-23,Tottenham,Leeds,2,1,H,1,0,50,-11,0.3684210526315789,0,1,-1,0.0,1,1,47,1,0.3684210526315789,2,2,0,0.0,0,0,0,0,0,0,0,0,,,-1,3,-12,0.0,0.0,-1
2003-08-23,Wolves,Charlton,0,4,A,1,0,-1,-1,0.0,1,5,-4,0.0,1,0,49,-11,0.3684210526315789,0,3,-3,0.0,0,0,0,0,0,0,0,0,,,0,-50,10,-0.3684210526315789,0.0,-1
2003-08-24,Aston Villa,Liverpool,0,0,D,1,0,45,-5,0.3157894736842105,1,2,-1,0.0,1,0,64,20,0.4736842105263158,1,2,-1,0.0,0,0,0,0,0,0,0,0,,,0,-19,-25,-0.1578947368421053,0.0,0
2003-08-24,Middlesbrough,Arsenal,0,4,A,1,0,-1,-1,0.0,2,3,-1,0.0,1,3,78,43,0.6052631578947368,2,1,1,1.0,0,0,0,0,0,0,0,0,,,-3,-79,-44,-0.6052631578947368,-1.0,-2
2003-08-25,Blackburn,Man City,2,3,A,2,4,60,9,0.42105263157894735,7,3,4,0.5,2,4,51,-7,0.3947368421052632,4,1,3,0.5,0,0,0,0,0,0,0,0,,,0,9,16,0.026315789473684126,0.0,1
2003-08-26,Charlton,Everton,2,2,D,2,3,49,-11,0.3684210526315789,4,3,1,0.5,2,3,59,-1,0.4473684210526316,4,3,1,0.5,0,0,0,0,0,0,0,0,,,0,-10,-10,-0.07894736842105265,0.0,0
2003-08-26,Leeds,Southampton,0,0,D,2,1,47,1,0.3684210526315789,3,4,-1,0.0,2,2,52,-3,0.34210526315789475,2,2,0,0.0,0,0,0,0,0,0,0,0,,,-1,-5,4,0.02631578947368418,0.0,-1
2003-08-26,Leicester,Middlesbrough,0,0,D,2,1,-1,-1,0.0,3,4,-1,0.0,2,0,-1,-1,0.0,2,7,-5,0.0,0,0,0,0,0,0,0,0,,,1,0,0,0.0,0.0,4
2003-08-26,Portsmouth,Bolton,4,0,H,2,4,-1,-1,0.0,3,2,1,0.5,2,1,44,-10,0.2631578947368421,2,6,-4,0.0,0,0,0,0,0,0,0,0,,,3,-45,9,-0.2631578947368421,0.5,5
2003-08-27,Arsenal,Aston Villa,2,0,H,2,6,78,43,0.6052631578947368,6,1,5,1.0,2,1,45,-5,0.3157894736842105,1,2,-1,0.0,0,0,0,0,0,0,0,0,,,5,33,48,0.2894736842105263,1.0,6
2003-08-27,Liverpool,Tottenham,0,0,D,2,1,64,20,0.4736842105263158,1,2,-1,0.0,2,3,50,-11,0.3684210526315789,2,2,0,0.5,0,0,0,0,0,0,0,0,,,-2,14,31,0.10526315789473689,-0.5,-1
2003-08-27,Man United,Wolves,1,0,H,2,6,83,40,0.6578947368421053,6,1,5,1.0,2,0,-1,-1,0.0,1,9,-8,0.0,0,0,0,0,0,0,0,0,,,6,84,41,0.6578947368421053,1.0,13
2003-08-30,Aston Villa,Leicester,3,1,H,3,1,45,-5,0.3157894736842105,1,4,-3,0.0,3,2,-1,-1,0.0,3,4,-1,0.0,0,0,0,0,0,0,0,0,,,-1,46,-4,0.3157894736842105,0.0,-2
2003-08-30,Bolton,Charlton,0,0,D,3,1,44,-10,0.2631578947368421,2,10,-8,0.0,3,4,49,-11,0.3684210526315789,6,5,1,0.3333333333333333,0,0,0,0,0,0,0,0,,,-3,-5,1,-0.10526315789473684,-0.3333333333333333,-9
2003-08-30,Chelsea,Blackburn,2,2,D,2,6,67,30,0.5,4,2,2,1.0,3,4,60,9,0.42105263157894735,9,6,3,0.3333333333333333,0,0,0,0,0,0,0,0,,,2,7,21,0.07894736842105265,0.6666666666666667,-1
2003-08-30,Everton,Liverpool,0,3,A,3,4,59,-1,0.4473684210526316,6,5,1,0.3333333333333333,3,2,64,20,0.4736842105263158,1,2,-1,0.0,0,0,0,0,0,0,0,0,,,2,-5,-21,-0.026315789473684237,0.3333333333333333,2
2003-08-30,Middlesbrough,Leeds,2,3,A,3,1,-1,-1,0.0,2,7,-5,0.0,3,2,47,1,0.3684210526315789,3,4,-1,0.0,0,0,0,0,0,0,0,0,,,-1,-48,-2,-0.3684210526315789,0.0,-4
2003-08-30,Newcastle,Birmingham,0,1,A,2,1,69,15,0.5526315789473685,3,4,-1,0.0,2,4,48,-8,0.34210526315789475,1,0,1,0.5,0,0,0,0,0,0,0,0,,,-3,21,23,0.21052631578947373,-0.5,-2
2003-08-30,Tottenham,Fulham,0,3,A,3,4,50,-11,0.3684210526315789,2,2,0,0.3333333333333333,2,3,48,-9,0.34210526315789475,4,5,-1,0.5,0,0,0,0,0,0,0,0,,,1,2,-2,0.02631578947368418,-0.16666666666666669,1
2003-08-30,Wolves,Portsmouth,0,0,D,3,0,-1,-1,0.0,1,10,-9,0.0,3,7,-1,-1,0.0,7,2,5,0.6666666666666666,0,0,0,0,0,0,0,0,,,-7,0,0,0.0,-0.6666666666666666,-14
2003-08-31,Man City,Arsenal,1,2,A,3,7,51,-7,0.3947368421052632,7,3,4,0.6666666666666666,3,9,78,43,0.6052631578947368,8,1,7,1.0,0,0,0,0,0,0,0,0,,,-2,-27,-50,-0.21052631578947362,-0.33333333333333337,-3
2003-08-31,Southampton,Man United,1,0,H,3,3,52,-3,0.34210526315789475,2,2,0,0.0,3,9,83,40,0.6578947368421053,7,1,6,1.0,0,0,0,0,0,0,0,0,,,-6,-31,-43,-0.31578947368421056,-1.0,-6
2003-09-13,Arsenal,Portsmouth,1,1,D,4,12,78,43,0.6052631578947368,10,2,8,1.0,4,8,-1,-1,0.0,7,2,5,0.5,1,0,0,0,0,0,0,0,,,4,79,44,0.6052631578947368,0.5,3
2003-09-13,Blackburn,Liverpool,1,3,A,4,5,60,9,0.42105263157894735,11,8,3,0.25,4,5,64,20,0.4736842105263158,4,2,2,0.25,0,0,0,0,0,0,0,0,,,0,-4,-11,-0.052631578947368474,0.0,1
2003-09-13,Bolton,Middlesbrough,2,0,H,4,2,44,-10,0.2631578947368421,2,10,-8,0.0,4,1,-1,-1,0.0,4,10,-6,0.0,0,0,0,0,0,0,0,0,,,1,45,-9,0.2631578947368421,0.0,-2
2003-09-13,Charlton,Man United,0,2,A,4,5,49,-11,0.3684210526315789,6,5,1,0.25,4,9,83,40,0.6578947368421053,7,2,5,0.75,0,0,0,0,0,0,0,0,,,-4,-34,-51,-0.2894736842105264,-0.5,-4
2003-09-13,Chelsea,Tottenham,4,2,H,3,7,67,30,0.5,6,4,2,0.6666666666666666,4,4,50,-11,0.3684210526315789,2,5,-3,0.25,0,0,0,0,0,0,0,0,,,3,17,41,0.13157894736842107,0.41666666666666663,5
2003-09-13,Everton,Newcastle,2,2,D,4,4,59,-1,0.4473684210526316,6,8,-2,0.25,3,1,69,15,0.5526315789473685,3,5,-2,0.0,0,0,0,0,0,0,0,0,,,3,-10,-16,-0.10526315789473689,0.25,0
2003-09-13,Southampton,Wolves,2,0,H,4,6,52,-3,0.34210526315789475,3,2,1,0.25,4,1,-1,-1,0.0,1,10,-9,0.0,0,0,0,0,0,0,0,0,,,5,53,-2,0.34210526315789475,0.25,10
2003-09-14,Birmingham,Fulham,2,2,D,3,7,48,-8,0.34210526315789475,2,0,2,0.6666666666666666,3,6,48,-9,0.34210526315789475,7,5,2,0.6666666666666666,0,0,0,0,0,0,0,0,,,1,0,1,0.0,0.0,0
2003-09-14,Man City,Aston Villa,4,1,H,4,7,51,-7,0.3947368421052632,8,5,3,0.5,4,4,45,-5,0.3157894736842105,4,5,-1,0.25,0,0,0,0,0,0,0,0,,,3,6,-2,0.07894736842105271,0.25,4
2003-09-15,Leicester,Leeds,4,0,H,4,2,-1,-1,0.0,4,7,-3,0.0,4,5,47,1,0.3684210526315789,6,6,0,0.25,0,0,0,0,0,0,0,0,,,-3,-48,-2,-0.3684210526315789,-0.25,-3
2003-09-20,Aston Villa,Charlton,2,1,H,5,4,45,-5,0.3157894736842105,5,9,-4,0.2,5,5,49,-11,0.3684210526315789,6,7,-1,0.2,0,0,0,0,0,0,0,0,0.2,0.2,-1,-4,6,-0.05263157894736842,0.0,-3
2003-09-20,Fulham,Man City,2,2,D,4,7,48,-9,0.34210526315789475,9,7,2,0.5,5,10,51,-7,0.3947368421052632,12,6,6,0.6,0,0,0,0,0,0,0,0,,0.6,-3,-3,-2,-0.052631578947368474,-0.09999999999999998,-4
2003-09-20,Leeds,Birmingham,0,2,A,5,5,47,1,0.3684210526315789,6,10,-4,0.2,4,8,48,-8,0.34210526315789475,4,2,2,0.5,0,0,0,0,0,0,0,0,0.2,,-3,-1,9,0.02631578947368418,-0.3,-6
2003-09-20,Liverpool,Leicester,2,1,H,5,8,64,20,0.4736842105263158,7,3,4,0.4,5,5,-1,-1,0.0,8,7,1,0.2,0,0,0,0,0,0,0,0,0.4,0.2,3,65,21,0.4736842105263158,0.2,3
2003-09-20,Newcastle,Bolton,0,0,D,4,2,69,15,0.5526315789473685,5,7,-2,0.0,5,5,44,-10,0.2631578947368421,4,10,-6,0.2,0,0,0,0,0,0,0,0,,0.2,-3,25,25,0.2894736842105264,-0.2,4
2003-09-20,Portsmouth,Blackburn,1,2,A,5,9,-1,-1,0.0,8,3,5,0.4,5,5,60,9,0.42105263157894735,12,11,1,0.2,0,0,0,0,0,0,0,0,0.4,0.2,4,-61,-10,-0.42105263157894735,0.2,4
2003-09-20,Tottenham,Southampton,1,3,A,5,4,50,-11,0.3684210526315789,4,9,-5,0.2,5,9,52,-3,0.34210526315789475,5,2,3,0.4,0,0,0,0,0,0,0,0,0.2,0.4,-5,-2,-8,0.02631578947368418,-0.2,-8
2003-09-20,Wolves,Chelsea,0,5,A,5,1,-1,-1,0.0,1,12,-11,0.0,4,10,67,30,0.5,10,6,4,0.75,0,0,0,0,0,0,0,0,0.0,,-9,-68,-31,-0.5,-0.75,-15
2003-09-21,Man United,Arsenal,0,0,D,5,12,83,40,0.6578947368421053,9,2,7,0.8,5,13,78,43,0.6052631578947368,11,3,8,0.8,0,0,0,0,0,0,0,0,0.8,0.8,-1,5,-3,0.052631578947368474,0.0,-1
2003-09-21,Middlesbrough,Everton,1,0,H,5,1,-1,-1,0.0,4,12,-8,0.0,5,5,59,-1,0.4473684210526316,8,10,-2,0.2,0,0,0,0,0,0,0,0,0.0,0.2,-4,-60,0,-0.4473684210526316,-0.2,-6
2003-09-26,Arsenal,Newcastle,3,2,H,6,14,78,43,0.6052631578947368,11,3,8,0.6666666666666666,5,3,69,15,0.5526315789473685,5,7,-2,0.0,0,0,0,0,0,0,0,0,0.6,0.0,11,9,28,0.05263157894736836,0.6666666666666666,10
2003-09-27,Birmingham,Portsmouth,2,0,H,5,11,48,-8,0.34210526315789475,6,2,4,0.6,6,9,-1,-1,0.0,9,5,4,0.3333333333333333,0,0,0,0,0,0,0,0,0.6,0.2,2,49,-7,0.34210526315789475,0.26666666666666666,0
2003-09-27,Bolton,Wolves,1,1,D,6,6,44,-10,0.2631578947368421,4,10,-6,0.16666666666666666,6,1,-1,-1,0.0,1,17,-16,0.0,0,0,0,0,0,0,0,0,0.2,0.0,5,45,-9,0.2631578947368421,0.16666666666666666,10
2003-09-27,Chelsea,Aston Villa,1,0,H,5,13,67,30,0.5,15,6,9,0.8,6,7,45,-5,0.3157894736842105,7,10,-3,0.3333333333333333,0,0,0,0,0,0,0,0,0.8,0.4,6,22,35,0.1842105263157895,0.46666666666666673,12
2003-09-27,Leicester,Man United,1,4,A,6,5,-1,-1,0.0,9,9,0,0.16666666666666666,6,13,83,40,0.6578947368421053,9,2,7,0.6666666666666666,0,0,0,0,0,0,0,0,0.2,0.6,-8,-84,-41,-0.6578947368421053,-0.5,-7
2003-09-27,Southampton,Middlesbrough,0,1,A,6,12,52,-3,0.34210526315789475,8,3,5,0.5,6,4,-1,-1,0.0,5,12,-7,0.16666666666666666,1,0,0,0,0,0,0,0,0.6,0.2,8,53,-2,0.34210526315789475,0.33333333333333337,12
2003-09-28,Blackburn,Fulham,0,2,A,6,8,60,9,0.42105263157894735,14,12,2,0.3333333333333333,5,8,48,-9,0.34210526315789475,11,9,2,0.4,0,0,0,0,0,0,0,0,0.2,0.4,0,12,18,0.0789473684210526,-0.06666666666666671,0
2003-09-28,Charlton,Liverpool,3,2,H,6,5,49,-11,0.3684210526315789,7,9,-2,0.16666666666666666,6,11,64,20,0.4736842105263158,9,4,5,0.5,0,0,0,0,1,0,0,0,0.2,0.6,-6,-15,-31,-0.10526315789473689,-0.33333333333333337,-7
2003-09-28,Everton,Leeds,4,0,H,6,5,59,-1,0.4473684210526316,8,11,-3,0.16666666666666666,6,5,47,1,0.3684210526315789,6,12,-6,0.16666666666666666,0,0,0,0,0,0,0,0,0.2,0.2,0,12,-2,0.07894736842105265,0.0,3
2003-09-28,Man City,Tottenham,0,0,D,6,11,51,-7,0.3947368421052632,14,8,6,0.5,6,4,50,-11,0.3684210526315789,5,12,-7,0.16666666666666666,0,0,0,0,0,0,1,0,0.4,0.2,7,1,4,0.026315789473684292,0.33333333333333337,13
2003-10-04,Fulham,Leicester,2,0,H,6,11,48,-9,0.34210526315789475,13,9,4,0.5,7,5,-1,-1,0.0,10,13,-3,0.14285714285714285,0,0,0,0,0,0,0,0,0.4,0.2,6,49,-8,0.34210526315789475,0.35714285714285715,7
2003-10-04,Leeds,Blackburn,2,1,H,7,5,47,1,0.3684210526315789,6,16,-10,0.14285714285714285,7,8,60,9,0.42105263157894735,14,14,0,0.2857142857142857,0,0,1,0,0,0,0,0,0.2,0.2,-3,-13,-8,-0.05263157894736842,-0.14285714285714285,-10
2003-10-04,Liverpool,Arsenal,1,2,A,7,11,64,20,0.4736842105263158,11,7,4,0.42857142857142855,7,17,78,43,0.6052631578947368,14,5,9,0.7142857142857143,0,0,0,0,0,0,0,0,0.6,0.6,-6,-14,-23,-0.13157894736842102,-0.28571428571428575,-5
2003-10-04,Man United,Birmingham,3,0,H,7,16,83,40,0.6578947368421053,13,3,10,0.7142857142857143,6,14,48,-8,0.34210526315789475,8,2,6,0.6666666666666666,0,0,0,0,0,0,0,0,0.6,0.6,2,35,48,0.31578947368421056,0.04761904761904767,4
2003-10-04,Newcastle,Southampton,1,0,H,6,3,69,15,0.5526315789473685,7,10,-3,0.0,7,12,52,-3,0.34210526315789475,8,4,4,0.42857142857142855,0,0,0,0,0,0,0,0,0.0,0.6,-9,17,18,0.21052631578947373,-0.42857142857142855,-7
2003-10-04,Portsmouth,Charlton,1,2,A,7,9,-1,-1,0.0,9,7,2,0.2857142857142857,7,8,49,-11,0.3684210526315789,10,11,-1,0.2857142857142857,0,0,0,0,0,0,0,0,0.2,0.2,1,-50,10,-0.3684210526315789,0.0,3
2003-10-04,Tottenham,Everton,3,0,H,7,5,50,-11,0.3684210526315789,5,12,-7,0.14285714285714285,7,8,59,-1,0.4473684210526316,12,11,1,0.2857142857142857,0,0,0,0,0,0,0,0,0.0,0.2,-3,-9,-10,-0.07894736842105265,-0.14285714285714285,-8
2003-10-04,Wolves,Man City,1,0,H,7,2,-1,-1,0.0,2,18,-16,0.0,7,12,51,-7,0.3947368421052632,14,8,6,0.42857142857142855,0,0,0,0,0,0,0,0,0.0,0.4,-10,-52,6,-0.3947368421052632,-0.42857142857142855,-22
2003-10-05,Aston Villa,Bolton,1,1,D,7,7,45,-5,0.3157894736842105,7,11,-4,0.2857142857142857,7,7,44,-10,0.2631578947368421,5,11,-6,0.14285714285714285,0,0,0,0,0,0,0,0,0.4,0.2,0,1,5,0.05263157894736842,0.14285714285714285,2
2003-10-05,Middlesbrough,Chelsea,1,2,A,7,7,-1,-1,0.0,6,12,-6,0.2857142857142857,6,16,67,30,0.5,16,6,10,0.8333333333333334,0,0,0,0,1,0,0,0,0.4,0.8,-9,-68,-31,-0.5,-0.5476190476190477,-16
2003-10-14,Birmingham,Chelsea,0,0,D,7,14,48,-8,0.34210526315789475,8,5,3,0.5714285714285714,7,19,67,30,0.5,18,7,11,0.8571428571428571,0,0,0,0,1,0,0,0,0.6,0.8,-5,-19,-38,-0.15789473684210525,-0.2857142857142857,-8
2003-10-18,Arsenal,Chelsea,2,1,H,8,20,78,43,0.6052631578947368,16,6,10,0.75,8,20,67,30,0.5,18,7,11,0.75,0,0,0,0,0,0,0,0,0.6,0.8,0,11,13,0.10526315789473684,0.0,-1
2003-10-18,Fulham,Wolves,0,0,D,7,14,48,-9,0.34210526315789475,15,9,6,0.5714285714285714,8,5,-1,-1,0.0,3,18,-15,0.125,0,0,0,0,0,0,0,0,0.6,0.2,9,49,-8,0.34210526315789475,0.4464285714285714,21
2003-10-18,Leeds,Man United,0,1,A,8,8,47,1,0.3684210526315789,8,17,-9,0.25,8,19,83,40,0.6578947368421053,16,3,13,0.75,0,0,0,0,0,0,0,0,0.4,0.6,-11,-36,-39,-0.2894736842105264,-0.5,-22
2003-10-18,Man City,Bolton,6,2,H,8,12,51,-7,0.3947368421052632,14,9,5,0.375,8,8,44,-10,0.2631578947368421,6,12,-6,0.125,0,0,0,0,0,0,0,0,0.2,0.2,4,7,3,0.13157894736842113,0.25,11
2003-10-18,Middlesbrough,Newcastle,0,1,A,8,7,-1,-1,0.0,7,14,-7,0.25,7,6,69,15,0.5526315789473685,8,10,-2,0.14285714285714285,0,0,0,0,0,0,0,0,0.4,0.2,1,-70,-16,-0.5526315789473685,0.10714285714285715,-5
2003-10-18,Portsmouth,Liverpool,1,0,H,8,9,-1,-1,0.0,10,9,1,0.25,8,11,64,20,0.4736842105263158,12,9,3,0.375,0,0,1,0,0,0,0,0,0.0,0.6,-2,-65,-21,-0.4736842105263158,-0.125,-2
2003-10-19,Birmingham,Aston Villa,0,0,D,8,15,48,-8,0.34210526315789475,8,5,3,0.5,8,8,45,-5,0.3157894736842105,8,12,-4,0.25,0,0,0,0,0,0,0,0,0.4,0.4,7,3,-3,0.026315789473684237,0.25,7
2003-10-19,Everton,Southampton,0,0,D,8,8,59,-1,0.4473684210526316,12,14,-2,0.25,8,12,52,-3,0.34210526315789475,8,5,3,0.375,0,0,0,0,0,0,0,0,0.2,0.6,-4,7,2,0.10526315789473684,-0.125,-5
2003-10-19,Leicester,Tottenham,1,2,A,8,5,-1,-1,0.0,10,15,-5,0.125,8,8,50,-11,0.3684210526315789,8,12,-4,0.25,0,0,1,0,0,0,0,0,0.2,0.2,-3,-51,10,-0.3684210526315789,-0.125,-1
2003-10-20,Blackburn,Charlton,0,1,A,8,8,60,9,0.42105263157894735,15,16,-1,0.25,8,11,49,-11,0.3684210526315789,12,12,0,0.375,0,0,0,0,0,0,0,0,0.2,0.4,-3,11,20,0.05263157894736842,-0.125,-1
2003-10-21,Fulham,Newcastle,2,3,A,8,15,48,-9,0.34210526315789475,15,9,6,0.5,8,9,69,15,0.5526315789473685,9,10,-1,0.25,0,0,0,0,0,0,0,0,0.4,0.4,6,-21,-24,-0.21052631578947373,0.25,7
2003-10-25,Aston Villa,Everton,0,0,D,9,9,45,-5,0.3157894736842105,8,12,-4,0.2222222222222222,9,9,59,-1,0.4473684210526316,12,14,-2,0.2222222222222222,0,0,0,0,0,0,0,0,0.2,0.2,0,-14,-4,-0.13157894736842107,0.0,-2
2003-10-25,Bolton,Birmingham,0,1,A,9,8,44,-10,0.2631578947368421,8,18,-10,0.1111111111111111,9,16,48,-8,0.34210526315789475,8,5,3,0.4444444444444444,0,0,0,0,0,0,0,0,0.2,0.4,-8,-4,-2,-0.07894736842105265,-0.3333333333333333,-13
2003-10-25,Chelsea,Man City,1,0,H,9,20,67,30,0.5,19,9,10,0.6666666666666666,9,15,51,-7,0.3947368421052632,20,11,9,0.4444444444444444,0,0,0,0,0,0,0,0,0.6,0.4,5,16,37,0.10526315789473678,0.2222222222222222,1
2003-10-25,Liverpool,Leeds,3,1,H,9,11,64,20,0.4736842105263158,12,10,2,0.3333333333333333,9,8,47,1,0.3684210526315789,8,18,-10,0.2222222222222222,0,0,1,0,0,0,0,0,0.4,0.2,3,17,19,0.10526315789473689,0.1111111111111111,12
2003-10-25,Man United,Fulham,1,3,A,9,22,83,40,0.6578947368421053,17,3,14,0.7777777777777778,9,15,48,-9,0.34210526315789475,17,12,5,0.4444444444444444,1,0,0,0,0,0,0,0,0.8,0.4,7,35,49,0.31578947368421056,0.33333333333333337,9
2003-10-25,Newcastle,Portsmouth,3,0,H,9,12,69,15,0.5526315789473685,12,12,0,0.3333333333333333,9,12,-1,-1,0.0,11,9,2,0.3333333333333333,1,0,0,0,0,0,0,0,0.6,0.2,0,70,16,0.5526315789473685,0.0,-2
2003-10-25,Southampton,Blackburn,2,0,H,9,13,52,-3,0.34210526315789475,8,5,3,0.3333333333333333,9,8,60,9,0.42105263157894735,15,17,-2,0.2222222222222222,0,0,0,0,0,0,1,0,0.4,0.2,5,-8,-12,-0.0789473684210526,0.1111111111111111,5
2003-10-25,Wolves,Leicester,4,3,H,9,6,-1,-1,0.0,3,18,-15,0.1111111111111111,9,5,-1,-1,0.0,11,17,-6,0.1111111111111111,0,0,0,0,0,0,1,0,0.2,0.2,1,0,0,0.0,0.0,-9
2003-10-26,Charlton,Arsenal,1,1,D,9,14,49,-11,0.3684210526315789,13,12,1,0.4444444444444444,9,23,78,43,0.6052631578947368,18,7,11,0.7777777777777778,1,0,0,0,1,0,0,0,0.6,0.6,-9,-29,-54,-0.2368421052631579,-0.33333333333333337,-10
2003-10-26,Tottenham,Middlesbrough,0,0,D,9,11,50,-11,0.3684210526315789,10,13,-3,0.3333333333333333,9,7,-1,-1,0.0,7,15,-8,0.2222222222222222,0,0,0,0,0,0,0,0,0.4,0.4,4,51,-10,0.3684210526315789,0.1111111111111111,5
2003-11-01,Everton,Chelsea,0,1,A,10,10,59,-1,0.4473684210526316,12,14,-2,0.2,10,23,67,30,0.5,20,9,11,0.7,0,0,0,0,0,0,0,0,0.2,0.6,-13,-8,-31,-0.05263157894736842,-0.49999999999999994,-13
2003-11-01,Leeds,Arsenal,1,4,A,10,8,47,1,0.3684210526315789,9,21,-12,0.2,10,24,78,43,0.6052631578947368,19,8,11,0.7,0,0,0,0,0,0,0,0,0.2,0.6,-16,-31,-42,-0.2368421052631579,-0.49999999999999994,-23
2003-11-01,Man United,Portsmouth,3,0,H,10,22,83,40,0.6578947368421053,18,6,12,0.7,10,12,-1,-1,0.0,11,12,-1,0.3,0,0,0,0,0,0,0,0,0.6,0.2,10,84,41,0.6578947368421053,0.39999999999999997,13
2003-11-01,Middlesbrough,Wolves,2,0,H,10,8,-1,-1,0.0,7,15,-8,0.2,10,9,-1,-1,0.0,7,21,-14,0.2,0,0,0,0,0,0,0,0,0.4,0.4,-1,0,0,0.0,0.0,6
2003-11-01,Newcastle,Aston Villa,1,1,D,10,15,69,15,0.5526315789473685,15,12,3,0.4,10,10,45,-5,0.3157894736842105,8,12,-4,0.2,1,0,0,0,0,0,0,0,0.8,0.2,5,24,20,0.23684210526315796,0.2,7
2003-11-01,Southampton,Man City,0,2,A,10,16,52,-3,0.34210526315789475,10,5,5,0.4,10,15,51,-7,0.3947368421052632,20,12,8,0.4,0,0,0,0,0,0,0,0,0.4,0.2,1,1,4,-0.052631578947368474,0.0,-3
2003-11-01,Tottenham,Bolton,0,1,A,10,12,50,-11,0.3684210526315789,10,13,-3,0.3,10,8,44,-10,0.2631578947368421,8,19,-11,0.1,0,0,0,0,0,0,0,0,0.4,0.0,4,6,-1,0.10526315789473684,0.19999999999999998,8
2003-11-02,Fulham,Liverpool,1,2,A,10,18,48,-9,0.34210526315789475,20,13,7,0.5,10,14,64,20,0.4736842105263158,15,11,4,0.4,0,0,0,0,0,0,0,0,0.6,0.4,4,-16,-29,-0.13157894736842107,0.09999999999999998,3
2003-11-02,Leicester,Blackburn,2,0,H,10,5,-1,-1,0.0,14,21,-7,0.1,10,8,60,9,0.42105263157894735,15,19,-4,0.2,0,0,1,1,0,0,1,0,0.0,0.2,-3,-61,-10,-0.42105263157894735,-0.1,-3
2003-11-03,Birmingham,Charlton,1,2,A,10,19,48,-8,0.34210526315789475,9,5,4,0.5,10,15,49,-11,0.3684210526315789,14,13,1,0.4,0,0,0,0,0,0,0,0,0.4,0.6,4,-1,3,-0.02631578947368418,0.09999999999999998,3
2003-11-08,Arsenal,Tottenham,2,1,H,11,27,78,43,0.6052631578947368,23,9,14,0.7272727272727273,11,12,50,-11,0.3684210526315789,10,14,-4,0.2727272727272727,0,0,0,0,0,0,0,0,0.8,0.4,15,28,54,0.2368421052631579,0.4545454545454546,18
2003-11-08,Aston Villa,Middlesbrough,0,2,A,11,11,45,-5,0.3157894736842105,9,13,-4,0.18181818181818182,11,11,-1,-1,0.0,9,15,-6,0.2727272727272727,0,0,0,0,0,0,0,0,0.0,0.4,0,46,-4,0.3157894736842105,-0.09090909090909088,2
2003-11-08,Bolton,Southampton,0,0,D,11,11,44,-10,0.2631578947368421,9,19,-10,0.18181818181818182,11,16,52,-3,0.34210526315789475,10,7,3,0.36363636363636365,0,0,0,0,0,0,0,0,0.2,0.2,-5,-8,-7,-0.07894736842105265,-0.18181818181818182,-13
2003-11-08,Charlton,Fulham,3,1,H,11,18,49,-11,0.3684210526315789,16,14,2,0.45454545454545453,11,18,48,-9,0.34210526315789475,21,15,6,0.45454545454545453,0,0,0,0,0,0,0,0,0.8,0.4,0,1,-2,0.02631578947368418,0.0,-4
2003-11-08,Portsmouth,Leeds,6,1,H,11,12,-1,-1,0.0,11,15,-4,0.2727272727272727,11,8,47,1,0.3684210526315789,10,25,-15,0.18181818181818182,0,0,0,0,0,0,1,0,0.2,0.2,4,-48,-2,-0.3684210526315789,0.09090909090909088,11
2003-11-08,Wolves,Birmingham,1,1,D,11,9,-1,-1,0.0,7,23,-16,0.18181818181818182,11,19,48,-8,0.34210526315789475,10,7,3,0.45454545454545453,0,0,0,0,0,0,0,0,0.4,0.2,-10,-49,7,-0.34210526315789475,-0.2727272727272727,-19
2003-11-09,Chelsea,Newcastle,5,0,H,11,26,67,30,0.5,21,9,12,0.7272727272727273,11,16,69,15,0.5526315789473685,16,13,3,0.36363636363636365,0,0,0,0,0,0,0,0,0.6,0.8,10,-2,15,-0.052631578947368474,0.36363636363636365,9
2003-11-09,Liverpool,Man United,1,2,A,11,17,64,20,0.4736842105263158,17,12,5,0.45454545454545453,11,25,83,40,0.6578947368421053,21,6,15,0.7272727272727273,0,0,0,0,0,0,0,0,0.4,0.8,-8,-19,-20,-0.1842105263157895,-0.27272727272727276,-10
2003-11-09,Man City,Leicester,0,3,A,11,18,51,-7,0.3947368421052632,22,12,10,0.45454545454545453,11,8,-1,-1,0.0,16,21,-5,0.18181818181818182,0,0,0,0,0,0,0,0,0.4,0.2,10,52,-6,0.3947368421052632,0.2727272727272727,15
2003-11-10,Blackburn,Everton,2,1,H,11,8,60,9,0.42105263157894735,15,21,-6,0.18181818181818182,11,10,59,-1,0.4473684210526316,12,15,-3,0.18181818181818182,0,0,1,1,0,0,0,0,0.0,0.2,-2,1,10,-0.026315789473684237,0.0,-3
2003-11-22,Birmingham,Arsenal,0,3,A,12,20,48,-8,0.34210526315789475,11,8,3,0.4166666666666667,12,30,78,43,0.6052631578947368,25,10,15,0.75,0,0,0,0,0,0,0,0,0.2,0.8,-10,-30,-51,-0.2631578947368421,-0.3333333333333333,-12
2003-11-22,Everton,Wolves,2,0,H,12,10,59,-1,0.4473684210526316,13,17,-4,0.16666666666666666,12,10,-1,-1,0.0,8,24,-16,0.16666666666666666,0,0,0,0,0,0,0,0,0.0,0.4,0,60,0,0.4473684210526316,0.0,12
2003-11-22,Leeds,Bolton,0,2,A,12,8,47,1,0.3684210526315789,11,31,-20,0.16666666666666666,12,12,44,-10,0.2631578947368421,9,19,-10,0.16666666666666666,0,0,1,0,0,0,0,0,0.2,0.2,-4,3,11,0.10526315789473684,0.0,-10
2003-11-22,Leicester,Charlton,1,1,D,12,11,-1,-1,0.0,19,21,-2,0.25,12,21,49,-11,0.3684210526315789,19,15,4,0.5,0,0,0,0,0,0,0,0,0.4,0.8,-10,-50,10,-0.3684210526315789,-0.25,-6
2003-11-22,Man United,Blackburn,2,1,H,12,28,83,40,0.6578947368421053,23,7,16,0.75,12,11,60,9,0.42105263157894735,17,22,-5,0.25,0,0,0,0,0,0,0,0,0.8,0.2,17,23,31,0.23684210526315796,0.5,21
2003-11-22,Middlesbrough,Liverpool,0,0,D,12,14,-1,-1,0.0,11,15,-4,0.3333333333333333,12,17,64,20,0.4736842105263158,18,14,4,0.4166666666666667,0,0,0,0,0,0,0,0,0.4,0.4,-3,-65,-21,-0.4736842105263158,-0.08333333333333337,-8
2003-11-22,Newcastle,Man City,3,0,H,12,16,69,15,0.5526315789473685,16,18,-2,0.3333333333333333,12,18,51,-7,0.3947368421052632,22,15,7,0.4166666666666667,0,0,0,0,0,0,0,0,0.6,0.4,-2,18,22,0.15789473684210525,-0.08333333333333337,-9
2003-11-22,Southampton,Chelsea,0,1,A,12,17,52,-3,0.34210526315789475,10,7,3,0.3333333333333333,12,29,67,30,0.5,26,9,17,0.75,0,0,0,0,1,0,0,0,0.2,0.6,-12,-15,-33,-0.15789473684210525,-0.4166666666666667,-14
2003-11-23,Tottenham,Aston Villa,2,1,H,12,12,50,-11,0.3684210526315789,11,16,-5,0.25,12,11,45,-5,0.3157894736842105,9,15,-6,0.16666666666666666,0,0,0,0,0,0,0,0,0.4,0.0,1,5,-6,0.05263157894736842,0.08333333333333334,1
2003-11-24,Fulham,Portsmouth,2,0,H,12,18,48,-9,0.34210526315789475,22,18,4,0.4166666666666667,12,15,-1,-1,0.0,17,16,1,0.3333333333333333,0,0,0,0,0,0,0,0,0.2,0.4,3,49,-8,0.34210526315789475,0.08333333333333337,3
2003-11-29,Aston Villa,Southampton,1,0,H,13,11,45,-5,0.3157894736842105,10,17,-7,0.15384615384615385,13,17,52,-3,0.34210526315789475,10,8,2,0.3076923076923077,0,0,0,0,0,0,0,0,0.0,0.2,-6,-7,-2,-0.026315789473684237,-0.15384615384615385,-9
2003-11-29,Blackburn,Tottenham,1,0,H,13,11,60,9,0.42105263157894735,18,24,-6,0.23076923076923078,13,15,50,-11,0.3684210526315789,13,17,-4,0.3076923076923077,0,0,0,0,0,0,0,0,0.2,0.4,-4,10,20,0.05263157894736842,-0.07692307692307693,-2
2003-11-29,Bolton,Everton,2,0,H,13,15,44,-10,0.2631578947368421,11,19,-8,0.23076923076923078,13,13,59,-1,0.4473684210526316,15,17,-2,0.23076923076923078,0,0,0,0,0,0,0,0,0.4,0.2,2,-15,-9,-0.1842105263157895,0.0,-6
2003-11-29,Charlton,Leeds,0,1,A,13,22,49,-11,0.3684210526315789,20,16,4,0.46153846153846156,13,8,47,1,0.3684210526315789,11,33,-22,0.15384615384615385,0,0,0,0,0,0,1,1,0.6,0.0,14,2,-12,0.0,0.3076923076923077,26
2003-11-29,Portsmouth,Leicester,0,2,A,13,15,-1,-1,0.0,17,18,-1,0.3076923076923077,13,12,-1,-1,0.0,20,22,-2,0.23076923076923078,0,0,0,0,0,0,0,0,0.4,0.4,3,0,0,0.0,0.07692307692307693,1
2003-11-29,Wolves,Newcastle,1,1,D,13,10,-1,-1,0.0,8,26,-18,0.15384615384615385,13,19,69,15,0.5526315789473685,19,18,1,0.38461538461538464,0,0,0,0,0,0,0,0,0.2,0.6,-9,-70,-16,-0.5526315789473685,-0.23076923076923078,-19
2003-11-30,Arsenal,Fulham,0,0,D,13,33,78,43,0.6052631578947368,28,10,18,0.7692307692307693,13,21,48,-9,0.34210526315789475,24,18,6,0.46153846153846156,1,0,0,0,0,0,0,0,0.8,0.4,12,30,52,0.2631578947368421,0.3076923076923077,12
2003-11-30,Chelsea,Man United,1,0,H,13,32,67,30,0.5,27,9,18,0.7692307692307693,13,31,83,40,0.6578947368421053,25,8,17,0.7692307692307693,1,0,0,0,1,0,0,0,0.8,0.8,1,-16,-10,-0.1578947368421053,0.0,1
2003-11-30,Liverpool,Birmingham,3,1,H,13,18,64,20,0.4736842105263158,18,14,4,0.38461538461538464,13,20,48,-8,0.34210526315789475,11,11,0,0.38461538461538464,0,0,0,0,0,0,0,0,0.4,0.2,-2,16,28,0.13157894736842107,0.0,4
2003-11-30,Man City,Middlesbrough,0,1,A,13,18,51,-7,0.3947368421052632,22,18,4,0.38461538461538464,13,15,-1,-1,0.0,11,15,-4,0.3076923076923077,0,0,0,0,0,0,0,0,0.4,0.4,3,52,-6,0.3947368421052632,0.07692307692307693,8
2003-12-06,Birmingham,Blackburn,0,4,A,14,20,48,-8,0.34210526315789475,12,14,-2,0.35714285714285715,14,14,60,9,0.42105263157894735,19,24,-5,0.2857142857142857,0,0,0,0,0,0,0,0,0.2,0.4,6,-12,-17,-0.0789473684210526,0.07142857142857145,3
2003-12-06,Fulham,Bolton,2,1,H,14,22,48,-9,0.34210526315789475,24,18,6,0.42857142857142855,14,18,44,-10,0.2631578947368421,13,19,-6,0.2857142857142857,0,0,0,0,0,0,0,0,0.4,0.6,4,4,1,0.07894736842105265,0.14285714285714285,12
2003-12-06,Leeds,Chelsea,1,1,D,14,11,47,1,0.3684210526315789,12,33,-21,0.21428571428571427,14,35,67,30,0.5,28,9,19,0.7857142857142857,0,0,0,0,1,1,0,0,0.2,1.0,-24,-20,-29,-0.13157894736842107,-0.5714285714285714,-40
2003-12-06,Leicester,Arsenal,1,1,D,14,15,-1,-1,0.0,22,22,0,0.2857142857142857,14,34,78,43,0.6052631578947368,28,10,18,0.7142857142857143,0,0,0,0,0,0,0,0,0.6,0.6,-19,-79,-44,-0.6052631578947368,-0.4285714285714286,-18
2003-12-06,Man United,Aston Villa,4,0,H,14,31,83,40,0.6578947368421053,25,9,16,0.7142857142857143,14,14,45,-5,0.3157894736842105,11,17,-6,0.21428571428571427,0,0,0,0,0,0,0,0,0.6,0.2,17,38,45,0.3421052631578948,0.5,22
2003-12-06,Middlesbrough,Portsmouth,0,0,D,14,18,-1,-1,0.0,12,15,-3,0.35714285714285715,14,15,-1,-1,0.0,17,20,-3,0.2857142857142857,0,0,0,0,0,0,0,0,0.6,0.2,3,0,0,0.0,0.07142857142857145,0
2003-12-06,Newcastle,Liverpool,1,1,D,14,20,69,15,0.5526315789473685,20,19,1,0.35714285714285715,14,21,64,20,0.4736842105263158,21,15,6,0.42857142857142855,0,0,0,0,0,0,0,0,0.4,0.6,-1,5,-5,0.07894736842105265,-0.0714285714285714,-5
2003-12-06,Tottenham,Wolves,5,2,H,14,15,50,-11,0.3684210526315789,13,18,-5,0.2857142857142857,14,11,-1,-1,0.0,9,27,-18,0.14285714285714285,0,0,0,0,0,0,0,0,0.2,0.2,4,51,-10,0.3684210526315789,0.14285714285714285,13
2003-12-07,Everton,Man City,0,0,D,14,13,59,-1,0.4473684210526316,15,19,-4,0.21428571428571427,14,18,51,-7,0.3947368421052632,22,19,3,0.35714285714285715,0,0,0,0,0,0,1,0,0.2,0.2,-5,8,6,0.05263157894736836,-0.14285714285714288,-7
2003-12-07,Southampton,Charlton,3,2,H,14,17,52,-3,0.34210526315789475,10,9,1,0.2857142857142857,14,22,49,-11,0.3684210526315789,20,17,3,0.42857142857142855,0,0,0,0,0,0,0,0,0.2,0.4,-5,3,8,-0.02631578947368418,-0.14285714285714285,-2
2003-12-13,Chelsea,Bolton,1,2,A,15,36,67,30,0.5,29,10,19,0.7333333333333333,15,18,44,-10,0.2631578947368421,14,21,-7,0.26666666666666666,0,0,0,0,0,0,0,0,0.8,0.6,18,23,40,0.2368421052631579,0.4666666666666666,26
2003-12-13,Leicester,Birmingham,0,2,A,15,16,-1,-1,0.0,23,23,0,0.26666666666666666,15,20,48,-8,0.34210526315789475,12,18,-6,0.3333333333333333,0,0,0,0,0,0,1,0,0.6,0.0,-4,-49,7,-0.34210526315789475,-0.06666666666666665,6
2003-12-13,Liverpool,Southampton,1,2,A,15,22,64,20,0.4736842105263158,22,16,6,0.4,15,20,52,-3,0.34210526315789475,13,11,2,0.3333333333333333,0,0,0,0,0,0,0,0,0.4,0.2,2,12,23,0.13157894736842107,0.06666666666666671,4
2003-12-13,Man United,Man City,3,1,H,15,34,83,40,0.6578947368421053,29,9,20,0.7333333333333333,15,19,51,-7,0.3947368421052632,22,19,3,0.3333333333333333,0,0,0,0,0,0,0,0,0.8,0.2,15,32,47,0.2631578947368421,0.39999999999999997,17
2003-12-13,Middlesbrough,Charlton,0,0,D,15,19,-1,-1,0.0,12,15,-3,0.3333333333333333,15,22,49,-11,0.3684210526315789,22,20,2,0.4,0,0,0,0,0,0,0,0,0.6,0.4,-3,-50,10,-0.3684210526315789,-0.06666666666666671,-5
2003-12-13,Newcastle,Tottenham,4,0,H,15,21,69,15,0.5526315789473685,21,20,1,0.3333333333333333,15,18,50,-11,0.3684210526315789,18,20,-2,0.3333333333333333,0,0,0,0,0,0,0,0,0.2,0.4,3,19,26,0.18421052631578955,0.0,3
2003-12-13,Portsmouth,Everton,1,2,A,15,16,-1,-1,0.0,17,20,-3,0.26666666666666666,15,14,59,-1,0.4473684210526316,15,19,-4,0.2,0,0,0,0,0,0,0,0,0.2,0.2,2,-60,0,-0.4473684210526316,0.06666666666666665,1
2003-12-14,Arsenal,Blackburn,1,0,H,15,35,78,43,0.6052631578947368,29,11,18,0.6666666666666666,15,17,60,9,0.42105263157894735,23,24,-1,0.3333333333333333,0,0,0,0,0,0,0,0,0.6,0.6,18,18,34,0.1842105263157895,0.3333333333333333,19
2003-12-14,Aston Villa,Wolves,3,2,H,15,14,45,-5,0.3157894736842105,11,21,-10,0.2,15,11,-1,-1,0.0,11,32,-21,0.13333333333333333,0,0,0,0,0,0,0,0,0.2,0.0,3,46,-4,0.3157894736842105,0.06666666666666668,11
2003-12-14,Leeds,Fulham,3,2,H,15,12,47,1,0.3684210526315789,13,34,-21,0.2,15,25,48,-9,0.34210526315789475,26,19,7,0.4666666666666667,0,0,0,0,0,0,0,0,0.2,0.4,-13,-1,10,0.02631578947368418,-0.26666666666666666,-28
2003-12-20,Blackburn,Aston Villa,0,2,A,16,17,60,9,0.42105263157894735,23,25,-2,0.3125,16,17,45,-5,0.3157894736842105,14,23,-9,0.25,0,0,0,0,0,0,0,0,0.6,0.4,0,15,14,0.10526315789473684,0.0625,7
2003-12-20,Bolton,Arsenal,1,1,D,16,21,44,-10,0.2631578947368421,16,22,-6,0.3125,16,38,78,43,0.6052631578947368,30,11,19,0.6875,0,0,0,0,0,0,0,0,0.6,0.6,-17,-34,-53,-0.34210526315789475,-0.375,-25
2003-12-20,Charlton,Newcastle,0,0,D,16,23,49,-11,0.3684210526315789,22,20,2,0.375,16,24,69,15,0.5526315789473685,25,20,5,0.375,0,0,0,0,0,0,0,0,0.2,0.4,-1,-20,-26,-0.18421052631578955,0.0,-3
2003-12-20,Everton,Leicester,3,2,H,16,17,59,-1,0.4473684210526316,17,20,-3,0.25,16,16,-1,-1,0.0,23,25,-2,0.25,0,0,0,0,0,0,0,0,0.4,0.4,1,60,0,0.4473684210526316,0.0,-1
2003-12-20,Fulham,Chelsea,0,1,A,16,25,48,-9,0.34210526315789475,28,22,6,0.4375,16,36,67,30,0.5,30,12,18,0.6875,0,0,0,0,0,0,0,0,0.4,0.6,-11,-19,-39,-0.15789473684210525,-0.25,-12
2003-12-21,Southampton,Portsmouth,3,0,H,16,23,52,-3,0.34210526315789475,15,12,3,0.375,16,16,-1,-1,0.0,18,22,-4,0.25,0,0,0,0,0,0,0,0,0.4,0.2,7,53,-2,0.34210526315789475,0.125,7
2003-12-21,Tottenham,Man United,1,2,A,16,18,50,-11,0.3684210526315789,18,24,-6,0.3125,16,37,83,40,0.6578947368421053,32,10,22,0.75,0,0,0,0,0,0,0,0,0.4,0.8,-19,-33,-51,-0.2894736842105264,-0.4375,-28
2003-12-22,Man City,Leeds,1,1,D,16,19,51,-7,0.3947368421052632,23,22,1,0.3125,16,15,47,1,0.3684210526315789,16,36,-20,0.25,0,0,0,0,0,0,0,0,0.0,0.4,4,4,-8,0.026315789473684292,0.0625,21
2003-12-26,Arsenal,Wolves,3,0,H,17,39,78,43,0.6052631578947368,31,12,19,0.6470588235294118,16,11,-1,-1,0.0,13,35,-22,0.125,0,0,0,0,0,0,0,0,0.4,0.0,28,79,44,0.6052631578947368,0.5220588235294118,41
2003-12-26,Birmingham,Man City,2,1,H,16,23,48,-8,0.34210526315789475,14,18,-4,0.375,17,20,51,-7,0.3947368421052632,24,23,1,0.29411764705882354,0,0,0,0,0,0,0,0,0.2,0.0,3,-3,-1,-0.052631578947368474,0.08088235294117646,-5
2003-12-26,Blackburn,Middlesbrough,2,2,D,17,17,60,9,0.42105263157894735,23,27,-4,0.29411764705882354,16,20,-1,-1,0.0,12,15,-3,0.3125,0,0,0,0,0,0,0,0,0.4,0.4,-3,61,10,0.42105263157894735,-0.01838235294117646,-1
2003-12-26,Charlton,Chelsea,4,2,H,17,24,49,-11,0.3684210526315789,22,20,2,0.35294117647058826,17,39,67,30,0.5,31,12,19,0.7058823529411765,0,0,0,0,0,0,0,0,0.0,0.6,-15,-18,-41,-0.13157894736842107,-0.35294117647058826,-17
2003-12-26,Fulham,Southampton,2,0,H,17,25,48,-9,0.34210526315789475,28,23,5,0.4117647058823529,17,26,52,-3,0.34210526315789475,18,12,6,0.4117647058823529,0,0,0,0,1,0,0,0,0.4,0.6,-1,-4,-6,0.0,0.0,-1
2003-12-26,Leeds,Aston Villa,0,0,D,17,16,47,1,0.3684210526315789,17,37,-20,0.23529411764705882,17,20,45,-5,0.3157894736842105,16,23,-7,0.29411764705882354,0,0,0,0,0,0,0,0,0.4,0.6,-4,2,6,0.05263157894736842,-0.05882352941176472,-13
2003-12-26,Leicester,Newcastle,1,1,D,17,16,-1,-1,0.0,25,28,-3,0.23529411764705882,17,25,69,15,0.5526315789473685,25,20,5,0.35294117647058826,0,0,0,0,0,0,0,0,0.2,0.4,-9,-70,-16,-0.5526315789473685,-0.11764705882352944,-8
2003-12-26,Liverpool,Bolton,3,1,H,16,22,64,20,0.4736842105263158,23,18,5,0.375,17,22,44,-10,0.2631578947368421,17,23,-6,0.29411764705882354,0,0,0,0,0,0,0,0,0.2,0.6,0,20,30,0.21052631578947373,0.08088235294117646,11
2003-12-26,Man United,Everton,3,2,H,17,40,83,40,0.6578947368421053,34,11,23,0.7647058823529411,17,20,59,-1,0.4473684210526316,20,22,-2,0.29411764705882354,1,0,0,0,0,0,0,0,0.8,0.6,20,24,41,0.21052631578947373,0.4705882352941176,25
2003-12-26,Portsmouth,Tottenham,2,0,H,17,16,-1,-1,0.0,18,25,-7,0.23529411764705882,17,18,50,-11,0.3684210526315789,19,26,-7,0.29411764705882354,0,0,0,0,0,0,0,0,0.0,0.4,-2,-51,10,-0.3684210526315789,-0.05882352941176472,0
2003-12-28,Aston Villa,Fulham,3,0,H,18,21,45,-5,0.3157894736842105,16,23,-7,0.2777777777777778,18,28,48,-9,0.34210526315789475,30,23,7,0.4444444444444444,0,0,0,0,0,0,0,0,0.6,0.4,-7,-3,4,-0.026315789473684237,-0.16666666666666663,-14
2003-12-28,Bolton,Leicester,2,2,D,18,22,44,-10,0.2631578947368421,18,26,-8,0.2777777777777778,18,17,-1,-1,0.0,26,29,-3,0.2222222222222222,0,0,0,0,0,0,0,0,0.4,0.2,5,45,-9,0.2631578947368421,0.05555555555555558,-5
2003-12-28,Chelsea,Portsmouth,3,0,H,18,39,67,30,0.5,33,16,17,0.6666666666666666,18,19,-1,-1,0.0,20,25,-5,0.2777777777777778,0,0,0,0,0,0,0,0,0.4,0.2,20,68,31,0.5,0.38888888888888884,22
2003-12-28,Everton,Birmingham,1,0,H,18,20,59,-1,0.4473684210526316,22,25,-3,0.2777777777777778,17,26,48,-8,0.34210526315789475,16,19,-3,0.4117647058823529,0,0,0,0,0,0,0,0,0.4,0.4,-6,11,7,0.10526315789473684,-0.13398692810457513,0
2003-12-28,Man City,Liverpool,2,2,D,18,20,51,-7,0.3947368421052632,25,25,0,0.2777777777777778,17,25,64,20,0.4736842105263158,26,19,7,0.4117647058823529,0,0,0,0,0,0,0,0,0.0,0.4,-5,-13,-27,-0.0789473684210526,-0.13398692810457513,-7
2003-12-28,Middlesbrough,Man United,0,1,A,17,21,-1,-1,0.0,14,17,-3,0.29411764705882354,18,43,83,40,0.6578947368421053,37,13,24,0.7777777777777778,0,0,0,0,1,0,0,0,0.2,0.8,-22,-84,-41,-0.6578947368421053,-0.48366013071895425,-27
2003-12-28,Newcastle,Blackburn,0,1,A,18,26,69,15,0.5526315789473685,26,21,5,0.3333333333333333,18,18,60,9,0.42105263157894735,25,29,-4,0.2777777777777778,0,0,0,0,0,0,0,0,0.2,0.4,8,9,6,0.13157894736842113,0.055555555555555525,9
2003-12-28,Tottenham,Charlton,0,1,A,18,18,50,-11,0.3684210526315789,19,28,-9,0.2777777777777778,18,27,49,-11,0.3684210526315789,26,22,4,0.3888888888888889,0,0,1,0,0,0,0,0,0.2,0.2,-9,1,0,0.0,-0.1111111111111111,-13
2003-12-28,Wolves,Leeds,3,1,H,17,11,-1,-1,0.0,13,38,-25,0.11764705882352941,18,17,47,1,0.3684210526315789,17,37,-20,0.2222222222222222,0,0,1,0,0,0,0,0,0.0,0.4,-6,-48,-2,-0.3684210526315789,-0.1045751633986928,-5
2003-12-29,Southampton,Arsenal,0,1,A,18,26,52,-3,0.34210526315789475,18,14,4,0.3888888888888889,18,42,78,43,0.6052631578947368,34,12,22,0.6666666666666666,0,0,0,0,0,0,0,0,0.6,0.4,-16,-26,-46,-0.2631578947368421,-0.27777777777777773,-18
2004-01-06,Aston Villa,Portsmouth,2,1,H,19,24,45,-5,0.3157894736842105,19,23,-4,0.3157894736842105,19,19,-1,-1,0.0,20,28,-8,0.2631578947368421,0,0,0,0,0,0,0,0,0.6,0.2,5,46,-4,0.3157894736842105,0.05263157894736842,4
2004-01-07,Bolton,Man United,1,2,A,19,23,44,-10,0.2631578947368421,20,28,-8,0.2631578947368421,19,46,83,40,0.6578947368421053,38,13,25,0.7894736842105263,0,0,0,0,1,1,0,0,0.2,1.0,-23,-39,-50,-0.3947368421052632,-0.5263157894736843,-33
2004-01-07,Chelsea,Liverpool,0,1,A,19,42,67,30,0.5,36,16,20,0.6842105263157895,18,26,64,20,0.4736842105263158,28,21,7,0.3888888888888889,0,0,0,0,0,0,0,0,0.4,0.4,16,3,10,0.02631578947368418,0.2953216374269006,13
2004-01-07,Everton,Arsenal,1,1,D,19,23,59,-1,0.4473684210526316,23,25,-2,0.3157894736842105,19,45,78,43,0.6052631578947368,35,12,23,0.6842105263157895,0,0,0,0,0,0,0,0,0.6,0.6,-22,-19,-44,-0.15789473684210525,-0.368421052631579,-25
2004-01-07,Man City,Charlton,1,1,D,19,21,51,-7,0.3947368421052632,27,27,0,0.2631578947368421,19,30,49,-11,0.3684210526315789,27,22,5,0.42105263157894735,0,0,0,0,0,0,0,0,0.0,0.4,-9,2,4,0.026315789473684292,-0.15789473684210525,-5
2004-01-07,Middlesbrough,Fulham,2,1,H,18,21,-1,-1,0.0,14,18,-4,0.2777777777777778,19,28,48,-9,0.34210526315789475,30,26,4,0.42105263157894735,0,0,0,0,0,0,0,0,0.2,0.4,-7,-49,8,-0.34210526315789475,-0.14327485380116955,-8
2004-01-07,Newcastle,Leeds,1,0,H,19,26,69,15,0.5526315789473685,26,22,4,0.3157894736842105,19,17,47,1,0.3684210526315789,18,40,-22,0.21052631578947367,0,0,0,0,0,0,0,0,0.2,0.2,9,22,14,0.18421052631578955,0.10526315789473684,26
2004-01-07,Southampton,Leicester,0,0,D,19,26,52,-3,0.34210526315789475,18,15,3,0.3684210526315789,19,18,-1,-1,0.0,28,31,-3,0.21052631578947367,0,0,0,0,0,0,0,0,0.6,0.0,8,53,-2,0.34210526315789475,0.15789473684210525,6
2004-01-07,Tottenham,Birmingham,4,1,H,19,18,50,-11,0.3684210526315789,19,29,-10,0.2631578947368421,18,26,48,-8,0.34210526315789475,16,20,-4,0.3888888888888889,0,0,1,0,0,0,0,0,0.2,0.4,-8,2,-3,0.02631578947368418,-0.1257309941520468,-6
2004-01-07,Wolves,Blackburn,2,2,D,18,14,-1,-1,0.0,16,39,-23,0.16666666666666666,19,21,60,9,0.42105263157894735,26,29,-3,0.3157894736842105,0,0,0,0,0,0,0,0,0.2,0.4,-7,-61,-10,-0.42105263157894735,-0.14912280701754385,-20
2004-01-10,Arsenal,Middlesbrough,4,1,H,20,46,78,43,0.6052631578947368,36,13,23,0.65,19,24,-1,-1,0.0,16,19,-3,0.3157894736842105,0,0,0,0,0,0,0,0,0.6,0.2,22,79,44,0.6052631578947368,0.3342105263157895,26
2004-01-10,Birmingham,Southampton,2,1,H,19,26,48,-8,0.34210526315789475,17,24,-7,0.3684210526315789,20,27,52,-3,0.34210526315789475,18,15,3,0.35,0,0,0,0,0,0,0,0,0.4,0.4,-1,-4,-5,0.0,0.01842105263157895,-10
2004-01-10,Blackburn,Bolton,3,4,A,20,22,60,9,0.42105263157894735,28,31,-3,0.3,20,23,44,-10,0.2631578947368421,21,30,-9,0.25,0,0,0,0,0,0,0,0,0.2,0.2,-1,16,19,0.15789473684210525,0.04999999999999999,6
2004-01-10,Charlton,Wolves,2,0,H,20,31,49,-11,0.3684210526315789,28,23,5,0.4,19,15,-1,-1,0.0,18,41,-23,0.15789473684210525,0,0,0,0,0,0,0,0,0.4,0.2,16,50,-10,0.3684210526315789,0.24210526315789477,28
2004-01-10,Fulham,Everton,2,1,H,20,28,48,-9,0.34210526315789475,31,28,3,0.4,20,24,59,-1,0.4473684210526316,24,26,-2,0.3,0,0,0,0,0,0,0,0,0.2,0.6,4,-11,-8,-0.10526315789473684,0.10000000000000003,5
2004-01-10,Leeds,Tottenham,0,1,A,20,17,47,1,0.3684210526315789,18,41,-23,0.2,20,21,50,-11,0.3684210526315789,23,30,-7,0.3,0,0,0,0,0,0,0,0,0.2,0.2,-4,-3,12,0.0,-0.09999999999999998,-16
2004-01-10,Liverpool,Aston Villa,1,0,H,19,29,64,20,0.4736842105263158,29,21,8,0.42105263157894735,20,27,45,-5,0.3157894736842105,21,24,-3,0.35,0,0,0,0,0,0,0,0,0.4,0.8,2,19,25,0.1578947368421053,0.07105263157894737,11
2004-01-10,Portsmouth,Man City,4,2,H,20,19,-1,-1,0.0,21,30,-9,0.25,20,22,51,-7,0.3947368421052632,28,28,0,0.25,0,0,0,0,0,0,0,0,0.2,0.0,-3,-52,6,-0.3947368421052632,0.0,-9
2004-01-11,Leicester,Chelsea,0,4,A,20,19,-1,-1,0.0,28,31,-3,0.2,20,42,67,30,0.5,36,17,19,0.65,0,0,0,0,0,0,0,0,0.0,0.4,-23,-68,-31,-0.5,-0.45,-22
2004-01-11,Man United,Newcastle,0,0,D,20,49,83,40,0.6578947368421053,40,14,26,0.8,20,29,69,15,0.5526315789473685,27,22,5,0.35,1,1,0,0,0,0,0,0,1.0,0.4,20,14,25,0.10526315789473684,0.45000000000000007,21
2004-01-17,Bolton,Portsmouth,1,0,H,21,26,44,-10,0.2631578947368421,25,33,-8,0.2857142857142857,21,22,-1,-1,0.0,25,32,-7,0.2857142857142857,0,0,0,0,0,0,0,0,0.2,0.4,4,45,-9,0.2631578947368421,0.0,-1
2004-01-17,Everton,Charlton,0,1,A,21,24,59,-1,0.4473684210526316,25,28,-3,0.2857142857142857,21,34,49,-11,0.3684210526315789,30,23,7,0.42857142857142855,0,0,0,0,0,0,0,0,0.4,0.6,-10,10,10,0.07894736842105265,-0.14285714285714285,-10
2004-01-17,Man City,Blackburn,1,1,D,21,22,51,-7,0.3947368421052632,30,32,-2,0.23809523809523808,21,22,60,9,0.42105263157894735,31,35,-4,0.2857142857142857,0,0,0,0,0,0,0,0,0.0,0.2,0,-9,-16,-0.026315789473684126,-0.047619047619047616,2
2004-01-17,Middlesbrough,Leicester,3,3,D,20,24,-1,-1,0.0,17,23,-6,0.3,21,19,-1,-1,0.0,28,35,-7,0.19047619047619047,0,0,0,0,0,0,0,0,0.2,0.0,5,0,0,0.0,0.10952380952380952,1
2004-01-17,Southampton,Leeds,2,1,H,21,27,52,-3,0.34210526315789475,19,17,2,0.3333333333333333,21,17,47,1,0.3684210526315789,18,42,-24,0.19047619047619047,0,0,0,0,0,0,1,0,0.2,0.0,10,5,-4,-0.02631578947368418,0.14285714285714285,26
2004-01-17,Tottenham,Liverpool,2,1,H,21,24,50,-11,0.3684210526315789,24,30,-6,0.3333333333333333,20,32,64,20,0.4736842105263158,30,21,9,0.45,0,0,0,0,0,0,0,0,0.4,0.6,-8,-14,-31,-0.10526315789473689,-0.1166666666666667,-15
2004-01-17,Wolves,Man United,1,0,H,20,15,-1,-1,0.0,18,43,-25,0.15,21,50,83,40,0.6578947368421053,40,14,26,0.7619047619047619,0,0,0,0,0,0,0,0,0.2,0.8,-35,-84,-41,-0.6578947368421053,-0.6119047619047618,-51
2004-01-18,Aston Villa,Arsenal,0,2,A,21,27,45,-5,0.3157894736842105,21,25,-4,0.3333333333333333,21,49,78,43,0.6052631578947368,40,14,26,0.6666666666666666,0,0,0,0,0,0,0,0,0.6,0.6,-22,-33,-48,-0.2894736842105263,-0.3333333333333333,-30
2004-01-18,Chelsea,Birmingham,0,0,D,21,45,67,30,0.5,40,17,23,0.6666666666666666,20,29,48,-8,0.34210526315789475,19,25,-6,0.4,0,0,0,0,0,0,0,0,0.6,0.6,16,19,38,0.15789473684210525,0.2666666666666666,29
2004-01-19,Newcastle,Fulham,3,1,H,21,30,69,15,0.5526315789473685,27,22,5,0.3333333333333333,21,31,48,-9,0.34210526315789475,33,29,4,0.42857142857142855,0,0,0,0,0,0,0,0,0.2,0.4,-1,21,24,0.21052631578947373,-0.09523809523809523,1
2004-01-21,Wolves,Liverpool,1,1,D,21,18,-1,-1,0.0,19,43,-24,0.19047619047619047,21,32,64,20,0.4736842105263158,31,23,8,0.42857142857142855,0,0,0,0,0,0,0,0,0.4,0.6,-14,-65,-21,-0.4736842105263158,-0.23809523809523808,-32
2004-01-31,Birmingham,Newcastle,1,1,D,21,30,48,-8,0.34210526315789475,19,25,-6,0.38095238095238093,22,33,69,15,0.5526315789473685,30,23,7,0.36363636363636365,0,0,0,0,0,0,0,0,0.4,0.4,-3,-21,-23,-0.21052631578947373,0.017316017316017285,-13
2004-01-31,Charlton,Bolton,1,2,A,22,37,49,-11,0.3684210526315789,31,23,8,0.45454545454545453,22,29,44,-10,0.2631578947368421,26,33,-7,0.3181818181818182,0,0,0,0,0,0,0,0,0.8,0.4,8,5,-1,0.10526315789473684,0.13636363636363635,15
2004-01-31,Fulham,Tottenham,2,1,H,22,31,48,-9,0.34210526315789475,34,32,2,0.4090909090909091,22,27,50,-11,0.3684210526315789,26,31,-5,0.36363636363636365,0,0,0,0,1,0,0,0,0.4,0.6,4,-2,2,-0.02631578947368418,0.04545454545454547,7
2004-01-31,Leeds,Middlesbrough,0,3,A,22,17,47,1,0.3684210526315789,19,44,-25,0.18181818181818182,21,25,-1,-1,0.0,20,26,-6,0.2857142857142857,0,0,1,0,0,0,0,0,0.0,0.2,-8,48,2,0.3684210526315789,-0.10389610389610388,-19
2004-01-31,Leicester,Aston Villa,0,5,A,22,20,-1,-1,0.0,31,38,-7,0.18181818181818182,22,27,45,-5,0.3157894736842105,21,27,-6,0.3181818181818182,0,0,0,0,0,0,0,0,0.0,0.4,-7,-46,4,-0.3157894736842105,-0.13636363636363635,-1
2004-01-31,Liverpool,Everton,0,0,D,22,33,64,20,0.4736842105263158,32,24,8,0.4090909090909091,22,24,59,-1,0.4473684210526316,25,29,-4,0.2727272727272727,0,0,0,0,0,0,0,0,0.4,0.2,9,5,21,0.026315789473684237,0.1363636363636364,12
2004-01-31,Man United,Southampton,3,2,H,22,50,83,40,0.6578947368421053,40,15,25,0.7272727272727273,22,30,52,-3,0.34210526315789475,21,18,3,0.36363636363636365,0,0,0,0,0,0,0,0,0.6,0.2,20,31,43,0.31578947368421056,0.36363636363636365,22
2004-01-31,Portsmouth,Wolves,0,0,D,22,22,-1,-1,0.0,25,33,-8,0.2727272727272727,22,19,-1,-1,0.0,20,44,-24,0.18181818181818182,0,0,0,0,0,0,0,0,0.4,0.4,3,0,0,0.0,0.09090909090909088,16
2004-02-01,Arsenal,Man City,2,1,H,22,52,78,43,0.6052631578947368,42,14,28,0.6818181818181818,22,23,51,-7,0.3947368421052632,31,33,-2,0.22727272727272727,0,0,0,0,0,0,0,0,0.8,0.0,29,27,50,0.21052631578947362,0.4545454545454545,30
2004-02-01,Blackburn,Chelsea,2,3,A,22,23,60,9,0.42105263157894735,32,36,-4,0.2727272727272727,22,46,67,30,0.5,40,17,23,0.6363636363636364,0,0,0,0,0,0,0,0,0.2,0.4,-23,-7,-21,-0.07894736842105265,-0.36363636363636365,-27
2004-02-07,Aston Villa,Leeds,2,0,H,23,30,45,-5,0.3157894736842105,26,27,-1,0.34782608695652173,23,17,47,1,0.3684210526315789,19,47,-28,0.17391304347826086,0,0,0,0,0,0,1,1,0.6,0.0,13,-2,-6,-0.05263157894736842,0.17391304347826086,27
2004-02-07,Bolton,Liverpool,2,2,D,23,32,44,-10,0.2631578947368421,28,34,-6,0.34782608695652173,23,34,64,20,0.4736842105263158,32,24,8,0.391304347826087,1,0,0,0,0,0,0,0,0.6,0.4,-2,-20,-30,-0.21052631578947373,-0.043478260869565244,-14
2004-02-07,Everton,Man United,3,4,A,23,25,59,-1,0.4473684210526316,25,29,-4,0.2608695652173913,23,53,83,40,0.6578947368421053,43,17,26,0.7391304347826086,0,0,0,0,0,0,0,0,0.2,0.6,-28,-24,-41,-0.21052631578947373,-0.47826086956521735,-30
2004-02-07,Middlesbrough,Blackburn,0,1,A,22,28,-1,-1,0.0,23,26,-3,0.3181818181818182,23,23,60,9,0.42105263157894735,34,39,-5,0.2608695652173913,0,0,0,0,0,0,0,0,0.4,0.2,5,-61,-10,-0.42105263157894735,0.05731225296442688,2
2004-02-07,Newcastle,Leicester,3,1,H,23,34,69,15,0.5526315789473685,31,24,7,0.34782608695652173,23,20,-1,-1,0.0,31,43,-12,0.17391304347826086,0,0,0,0,0,0,0,0,0.4,0.0,14,70,16,0.5526315789473685,0.17391304347826086,19
2004-02-07,Southampton,Fulham,0,0,D,23,30,52,-3,0.34210526315789475,23,21,2,0.34782608695652173,23,34,48,-9,0.34210526315789475,36,33,3,0.43478260869565216,0,0,0,0,0,0,0,0,0.2,0.4,-4,4,6,0.0,-0.08695652173913043,-1
2004-02-07,Tottenham,Portsmouth,4,3,H,23,27,50,-11,0.3684210526315789,27,33,-6,0.34782608695652173,23,23,-1,-1,0.0,25,33,-8,0.2608695652173913,0,0,0,0,0,0,0,0,0.6,0.2,4,51,-10,0.3684210526315789,0.08695652173913043,2
2004-02-07,Wolves,Arsenal,1,3,A,23,20,-1,-1,0.0,20,44,-24,0.17391304347826086,23,55,78,43,0.6052631578947368,44,15,29,0.6956521739130435,0,0,0,0,1,0,0,0,0.2,0.8,-35,-79,-44,-0.6052631578947368,-0.5217391304347826,-53
2004-02-08,Chelsea,Charlton,1,0,H,23,49,67,30,0.5,43,19,24,0.6521739130434783,23,37,49,-11,0.3684210526315789,32,25,7,0.43478260869565216,0,0,0,0,0,0,0,0,0.6,0.6,12,18,41,0.13157894736842107,0.2173913043478261,17
2004-02-08,Man City,Birmingham,0,0,D,23,23,51,-7,0.3947368421052632,32,35,-3,0.21739130434782608,22,31,48,-8,0.34210526315789475,20,26,-6,0.36363636363636365,0,0,0,0,0,0,0,0,0.0,0.2,-8,3,1,0.052631578947368474,-0.14624505928853757,3
2004-02-10,Arsenal,Southampton,2,0,H,24,58,78,43,0.6052631578947368,47,16,31,0.7083333333333334,24,31,52,-3,0.34210526315789475,23,21,2,0.3333333333333333,1,0,0,0,0,0,0,0,0.8,0.2,27,26,46,0.2631578947368421,0.37500000000000006,29
2004-02-10,Leeds,Wolves,4,1,H,24,17,47,1,0.3684210526315789,19,49,-30,0.16666666666666666,24,20,-1,-1,0.0,21,47,-26,0.16666666666666666,0,0,1,1,0,0,0,0,0.0,0.2,-3,48,2,0.3684210526315789,0.0,-4
2004-02-10,Leicester,Bolton,1,1,D,24,20,-1,-1,0.0,32,46,-14,0.16666666666666666,24,33,44,-10,0.2631578947368421,30,36,-6,0.3333333333333333,0,0,0,0,0,0,0,0,0.0,0.6,-13,-45,9,-0.2631578947368421,-0.16666666666666666,-8
2004-02-11,Birmingham,Everton,3,0,H,23,32,48,-8,0.34210526315789475,20,26,-6,0.34782608695652173,24,25,59,-1,0.4473684210526316,28,33,-5,0.25,0,0,0,0,0,0,0,0,0.2,0.0,7,-11,-7,-0.10526315789473684,0.09782608695652173,-1
2004-02-11,Blackburn,Newcastle,1,1,D,24,26,60,9,0.42105263157894735,35,39,-4,0.2916666666666667,24,37,69,15,0.5526315789473685,34,25,9,0.375,0,0,0,0,0,0,0,0,0.2,0.6,-11,-9,-6,-0.13157894736842113,-0.08333333333333331,-13
2004-02-11,Charlton,Tottenham,2,4,A,24,37,49,-11,0.3684210526315789,32,26,6,0.4166666666666667,24,30,50,-11,0.3684210526315789,31,36,-5,0.375,0,0,0,0,0,0,0,0,0.4,0.8,7,-1,0,0.0,0.041666666666666685,11
2004-02-11,Fulham,Aston Villa,1,2,A,24,35,48,-9,0.34210526315789475,36,33,3,0.4166666666666667,24,33,45,-5,0.3157894736842105,28,27,1,0.375,0,0,0,0,0,0,0,0,0.4,0.6,2,3,-4,0.026315789473684237,0.041666666666666685,2
2004-02-11,Liverpool,Man City,2,1,H,24,35,64,20,0.4736842105263158,34,26,8,0.375,24,24,51,-7,0.3947368421052632,32,35,-3,0.20833333333333334,0,0,0,0,0,0,0,0,0.2,0.0,11,13,27,0.0789473684210526,0.16666666666666666,11
2004-02-11,Man United,Middlesbrough,2,3,A,24,56,83,40,0.6578947368421053,47,20,27,0.75,23,28,-1,-1,0.0,23,27,-4,0.30434782608695654,0,0,0,0,0,0,0,0,0.6,0.4,28,84,41,0.6578947368421053,0.44565217391304346,31
2004-02-11,Portsmouth,Chelsea,0,2,A,24,23,-1,-1,0.0,28,37,-9,0.25,24,52,67,30,0.5,44,19,25,0.6666666666666666,0,0,0,0,0,0,0,0,0.2,0.6,-29,-68,-31,-0.5,-0.41666666666666663,-34
2004-02-21,Bolton,Man City,1,3,A,25,34,44,-10,0.2631578947368421,31,37,-6,0.32,25,24,51,-7,0.3947368421052632,33,37,-4,0.2,0,0,0,0,0,0,0,0,0.6,0.0,10,-7,-3,-0.13157894736842113,0.12,-2
2004-02-21,Charlton,Blackburn,3,2,H,25,37,49,-11,0.3684210526315789,34,30,4,0.4,25,27,60,9,0.42105263157894735,36,40,-4,0.28,0,0,1,0,0,0,0,0,0.4,0.2,10,-11,-20,-0.05263157894736842,0.12,8
2004-02-21,Chelsea,Arsenal,1,2,A,25,55,67,30,0.5,46,19,27,0.68,25,61,78,43,0.6052631578947368,49,16,33,0.72,1,0,0,0,1,1,0,0,0.8,1.0,-6,-11,-13,-0.10526315789473684,-0.039999999999999925,-6
2004-02-21,Man United,Leeds,1,1,D,25,56,83,40,0.6578947368421053,49,23,26,0.72,25,20,47,1,0.3684210526315789,23,50,-27,0.2,0,0,0,0,0,0,0,0,0.4,0.2,36,36,39,0.2894736842105264,0.52,53
2004-02-21,Newcastle,Middlesbrough,2,1,H,25,38,69,15,0.5526315789473685,35,26,9,0.36,24,31,-1,-1,0.0,26,29,-3,0.3333333333333333,0,0,0,0,0,0,0,0,0.4,0.4,7,70,16,0.5526315789473685,0.026666666666666672,12
2004-02-21,Southampton,Everton,3,3,D,25,31,52,-3,0.34210526315789475,23,23,0,0.32,25,25,59,-1,0.4473684210526316,28,36,-8,0.24,0,0,0,0,0,0,0,0,0.2,0.0,6,-7,-2,-0.10526315789473684,0.08000000000000002,8
2004-02-21,Wolves,Fulham,2,1,H,25,20,-1,-1,0.0,22,51,-29,0.16,25,35,48,-9,0.34210526315789475,37,35,2,0.4,0,0,0,0,0,0,0,0,0.2,0.4,-15,-49,8,-0.34210526315789475,-0.24000000000000002,-31
2004-02-22,Aston Villa,Birmingham,2,2,D,25,36,45,-5,0.3157894736842105,30,28,2,0.4,24,35,48,-8,0.34210526315789475,23,26,-3,0.375,1,0,0,0,0,0,0,0,0.6,0.4,1,-3,3,-0.026315789473684237,0.025000000000000022,5
2004-02-22,Tottenham,Leicester,4,4,D,25,33,50,-11,0.3684210526315789,35,38,-3,0.4,25,21,-1,-1,0.0,33,47,-14,0.16,0,0,0,0,0,0,0,0,0.8,0.0,12,51,-10,0.3684210526315789,0.24000000000000002,11
2004-02-28,Arsenal,Charlton,2,1,H,26,64,78,43,0.6052631578947368,51,17,34,0.7307692307692307,26,40,49,-11,0.3684210526315789,37,32,5,0.4230769230769231,1,1,0,0,0,0,0,0,1.0,0.4,24,29,54,0.2368421052631579,0.30769230769230765,29
2004-02-28,Blackburn,Southampton,1,1,D,26,27,60,9,0.42105263157894735,38,43,-5,0.2692307692307692,26,32,52,-3,0.34210526315789475,26,26,0,0.3076923076923077,0,0,0,0,0,0,0,0,0.2,0.2,-5,8,12,0.0789473684210526,-0.03846153846153849,-5
2004-02-28,Everton,Aston Villa,2,0,H,26,26,59,-1,0.4473684210526316,31,39,-8,0.23076923076923078,26,37,45,-5,0.3157894736842105,32,30,2,0.38461538461538464,0,0,0,0,0,0,0,0,0.0,0.6,-11,14,4,0.13157894736842107,-0.15384615384615385,-10
2004-02-28,Fulham,Man United,1,1,D,26,35,48,-9,0.34210526315789475,38,37,1,0.38461538461538464,26,57,83,40,0.6578947368421053,50,24,26,0.6923076923076923,0,0,0,0,0,0,0,0,0.2,0.4,-22,-35,-49,-0.31578947368421056,-0.30769230769230765,-25
2004-02-28,Leicester,Wolves,0,0,D,26,22,-1,-1,0.0,37,51,-14,0.15384615384615385,26,23,-1,-1,0.0,24,52,-28,0.19230769230769232,0,0,0,0,0,0,0,0,0.0,0.2,-1,0,0,0.0,-0.038461538461538464,14
2004-02-28,Man City,Chelsea,0,1,A,26,27,51,-7,0.3947368421052632,36,38,-2,0.23076923076923078,26,55,67,30,0.5,47,21,26,0.6538461538461539,0,0,0,0,0,0,0,0,0.2,0.6,-28,-16,-37,-0.10526315789473678,-0.4230769230769231,-28
2004-02-29,Leeds,Liverpool,2,2,D,26,21,47,1,0.3684210526315789,24,51,-27,0.19230769230769232,25,38,64,20,0.4736842105263158,36,27,9,0.4,0,0,0,0,0,0,0,0,0.2,0.2,-17,-17,-19,-0.10526315789473689,-0.2076923076923077,-36
2004-02-29,Portsmouth,Newcastle,1,1,D,25,23,-1,-1,0.0,28,39,-11,0.24,26,41,69,15,0.5526315789473685,37,27,10,0.38461538461538464,0,0,0,0,0,0,0,0,0.2,0.6,-18,-70,-16,-0.5526315789473685,-0.14461538461538465,-21
2004-03-03,Birmingham,Middlesbrough,3,1,H,25,36,48,-8,0.34210526315789475,25,28,-3,0.36,25,31,-1,-1,0.0,27,31,-4,0.32,0,0,0,0,0,0,0,0,0.2,0.4,5,49,-7,0.34210526315789475,0.03999999999999998,1
2004-03-06,Birmingham,Bolton,2,0,H,26,39,48,-8,0.34210526315789475,28,29,-1,0.38461538461538464,26,34,44,-10,0.2631578947368421,32,40,-8,0.3076923076923077,0,0,0,0,0,0,0,0,0.4,0.4,5,4,2,0.07894736842105265,0.07692307692307693,7
2004-03-09,Middlesbrough,Tottenham,1,0,H,26,31,-1,-1,0.0,28,34,-6,0.3076923076923077,26,34,50,-11,0.3684210526315789,39,42,-3,0.38461538461538464,0,0,0,0,0,0,0,0,0.4,0.6,-3,-51,10,-0.3684210526315789,-0.07692307692307693,-3
2004-03-13,Birmingham,Leicester,0,1,A,27,42,48,-8,0.34210526315789475,30,29,1,0.4074074074074074,27,23,-1,-1,0.0,37,51,-14,0.14814814814814814,0,0,0,0,0,0,0,0,0.6,0.0,19,49,-7,0.34210526315789475,0.25925925925925924,15
2004-03-13,Blackburn,Arsenal,0,2,A,27,28,60,9,0.42105263157894735,39,44,-5,0.25925925925925924,27,67,78,43,0.6052631578947368,53,18,35,0.7407407407407407,0,0,0,0,1,1,0,0,0.2,1.0,-39,-18,-34,-0.1842105263157895,-0.48148148148148145,-40
2004-03-13,Bolton,Chelsea,0,2,A,27,34,44,-10,0.2631578947368421,32,42,-10,0.2962962962962963,27,58,67,30,0.5,48,21,27,0.6666666666666666,0,0,0,0,0,0,0,0,0.2,0.8,-24,-23,-40,-0.2368421052631579,-0.37037037037037035,-37
2004-03-13,Charlton,Middlesbrough,1,0,H,27,40,49,-11,0.3684210526315789,38,34,4,0.4074074074074074,27,34,-1,-1,0.0,29,34,-5,0.3333333333333333,0,0,0,0,0,0,0,0,0.2,0.4,6,50,-10,0.3684210526315789,0.07407407407407407,9
2004-03-13,Everton,Portsmouth,1,0,H,27,29,59,-1,0.4473684210526316,33,39,-6,0.25925925925925924,26,24,-1,-1,0.0,29,40,-11,0.23076923076923078,0,0,0,0,0,0,0,0,0.2,0.0,5,60,0,0.4473684210526316,0.028490028490028463,5
2004-03-13,Fulham,Leeds,2,0,H,27,36,48,-9,0.34210526315789475,39,38,1,0.37037037037037035,27,22,47,1,0.3684210526315789,26,53,-27,0.18518518518518517,0,0,0,0,0,0,0,0,0.2,0.2,14,1,-10,-0.02631578947368418,0.18518518518518517,28
2004-03-14,Man City,Man United,4,1,H,27,27,51,-7,0.3947368421052632,36,39,-3,0.2222222222222222,27,58,83,40,0.6578947368421053,51,25,26,0.6666666666666666,0,0,0,0,0,0,0,0,0.2,0.4,-31,-32,-47,-0.2631578947368421,-0.4444444444444444,-29
2004-03-14,Southampton,Liverpool,2,0,H,27,33,52,-3,0.34210526315789475,27,27,0,0.2962962962962963,26,39,64,20,0.4736842105263158,38,29,9,0.38461538461538464,0,0,0,0,0,0,0,0,0.0,0.2,-6,-12,-23,-0.13157894736842107,-0.08831908831908836,-9
2004-03-14,Tottenham,Newcastle,1,0,H,27,34,50,-11,0.3684210526315789,39,43,-4,0.37037037037037035,27,42,69,15,0.5526315789473685,38,28,10,0.37037037037037035,0,0,0,0,0,0,0,0,0.4,0.4,-8,-19,-26,-0.18421052631578955,0.0,-14
2004-03-14,Wolves,Aston Villa,0,4,A,27,24,-1,-1,0.0,24,52,-28,0.18518518518518517,27,37,45,-5,0.3157894736842105,32,32,0,0.37037037037037035,0,0,0,0,0,0,0,0,0.2,0.6,-13,-46,4,-0.3157894736842105,-0.18518518518518517,-28
2004-03-17,Liverpool,Portsmouth,3,0,H,27,39,64,20,0.4736842105263158,38,31,7,0.37037037037037035,27,24,-1,-1,0.0,29,41,-12,0.2222222222222222,0,0,0,0,0,0,0,0,0.2,0.0,15,65,21,0.4736842105263158,0.14814814814814814,19
2004-03-20,Arsenal,Bolton,2,1,H,28,70,78,43,0.6052631578947368,55,18,37,0.75,28,34,44,-10,0.2631578947368421,32,44,-12,0.2857142857142857,1,1,0,0,0,0,1,0,1.0,0.0,36,34,53,0.34210526315789475,0.4642857142857143,49
2004-03-20,Aston Villa,Blackburn,0,2,A,28,40,45,-5,0.3157894736842105,36,32,4,0.39285714285714285,28,28,60,9,0.42105263157894735,39,46,-7,0.25,0,0,0,0,0,0,0,0,0.6,0.2,12,-15,-14,-0.10526315789473684,0.14285714285714285,11
2004-03-20,Chelsea,Fulham,2,1,H,28,61,67,30,0.5,50,21,29,0.6785714285714286,28,39,48,-9,0.34210526315789475,41,38,3,0.39285714285714285,0,0,0,0,0,0,0,0,0.8,0.2,22,19,39,0.15789473684210525,0.28571428571428575,26
2004-03-20,Leicester,Everton,1,1,D,28,26,-1,-1,0.0,38,51,-13,0.17857142857142858,28,32,59,-1,0.4473684210526316,34,39,-5,0.2857142857142857,0,0,0,0,0,0,0,0,0.2,0.4,-6,-60,0,-0.4473684210526316,-0.10714285714285712,-8
2004-03-20,Liverpool,Wolves,1,0,H,28,42,64,20,0.4736842105263158,41,31,10,0.39285714285714285,28,24,-1,-1,0.0,24,56,-32,0.17857142857142858,0,0,0,0,0,0,0,0,0.4,0.2,18,65,21,0.4736842105263158,0.21428571428571427,42
2004-03-20,Man United,Tottenham,3,0,H,28,58,83,40,0.6578947368421053,52,29,23,0.6428571428571429,28,37,50,-11,0.3684210526315789,40,43,-3,0.39285714285714285,0,0,0,0,0,0,0,0,0.2,0.6,21,33,51,0.2894736842105264,0.25000000000000006,26
2004-03-20,Middlesbrough,Birmingham,5,3,H,28,34,-1,-1,0.0,29,35,-6,0.32142857142857145,28,42,48,-8,0.34210526315789475,30,30,0,0.39285714285714285,0,0,0,0,0,0,0,0,0.4,0.6,-8,-49,7,-0.34210526315789475,-0.0714285714285714,-6
2004-03-20,Newcastle,Charlton,3,1,H,28,42,69,15,0.5526315789473685,38,29,9,0.35714285714285715,28,43,49,-11,0.3684210526315789,39,34,5,0.42857142857142855,0,0,0,0,0,0,0,0,0.4,0.4,-1,20,26,0.18421052631578955,-0.0714285714285714,4
2004-03-21,Portsmouth,Southampton,1,0,H,28,24,-1,-1,0.0,29,44,-15,0.21428571428571427,28,36,52,-3,0.34210526315789475,29,27,2,0.32142857142857145,0,0,0,0,0,0,0,0,0.0,0.2,-12,-53,2,-0.34210526315789475,-0.10714285714285718,-17
2004-03-22,Leeds,Man City,2,1,H,28,22,47,1,0.3684210526315789,26,55,-29,0.17857142857142858,28,30,51,-7,0.3947368421052632,40,40,0,0.25,0,0,0,0,0,0,0,0,0.2,0.4,-8,-4,8,-0.026315789473684292,-0.07142857142857142,-29
2004-03-27,Birmingham,Leeds,4,1,H,29,42,48,-8,0.34210526315789475,33,35,-2,0.3793103448275862,29,25,47,1,0.3684210526315789,28,56,-28,0.20689655172413793,0,0,0,0,0,0,0,0,0.4,0.4,17,1,-9,-0.02631578947368418,0.17241379310344826,26
2004-03-27,Blackburn,Portsmouth,1,2,A,29,31,60,9,0.42105263157894735,41,46,-5,0.27586206896551724,29,27,-1,-1,0.0,30,44,-14,0.2413793103448276,0,0,0,0,0,0,0,0,0.2,0.2,4,61,10,0.42105263157894735,0.03448275862068964,9
2004-03-27,Charlton,Aston Villa,1,2,A,29,43,49,-11,0.3684210526315789,40,37,3,0.41379310344827586,29,40,45,-5,0.3157894736842105,36,34,2,0.3793103448275862,0,0,0,0,0,0,0,0,0.4,0.4,3,4,-6,0.05263157894736842,0.03448275862068967,1
2004-03-27,Chelsea,Wolves,5,2,H,29,64,67,30,0.5,52,22,30,0.6896551724137931,29,24,-1,-1,0.0,24,57,-33,0.1724137931034483,1,0,0,0,0,0,0,0,0.8,0.2,40,68,31,0.5,0.5172413793103449,63
2004-03-27,Everton,Middlesbrough,1,1,D,29,33,59,-1,0.4473684210526316,35,40,-5,0.27586206896551724,29,37,-1,-1,0.0,34,38,-4,0.3448275862068966,0,0,0,0,0,0,0,0,0.4,0.4,-4,60,0,0.4473684210526316,-0.06896551724137934,-1
2004-03-27,Man City,Fulham,0,0,D,29,30,51,-7,0.3947368421052632,41,42,-1,0.2413793103448276,29,39,48,-9,0.34210526315789475,42,40,2,0.3793103448275862,0,0,0,0,0,0,0,0,0.4,0.2,-9,3,2,0.052631578947368474,-0.1379310344827586,-3
2004-03-27,Southampton,Tottenham,1,0,H,29,36,52,-3,0.34210526315789475,29,28,1,0.3103448275862069,29,37,50,-11,0.3684210526315789,40,46,-6,0.3793103448275862,0,0,0,0,0,0,0,0,0.2,0.4,-1,2,8,-0.02631578947368418,-0.06896551724137928,7
2004-03-28,Arsenal,Man United,1,1,D,29,73,78,43,0.6052631578947368,57,19,38,0.7586206896551724,29,61,83,40,0.6578947368421053,55,29,26,0.6551724137931034,1,1,0,0,0,0,0,0,1.0,0.2,12,-5,3,-0.052631578947368474,0.10344827586206895,12
2004-03-28,Bolton,Newcastle,1,0,H,29,34,44,-10,0.2631578947368421,33,46,-13,0.27586206896551724,29,45,69,15,0.5526315789473685,41,30,11,0.3793103448275862,0,0,1,0,0,0,0,0,0.0,0.4,-11,-25,-25,-0.2894736842105264,-0.10344827586206895,-24
2004-03-28,Leicester,Liverpool,0,0,D,29,27,-1,-1,0.0,39,52,-13,0.1724137931034483,29,45,64,20,0.4736842105263158,42,31,11,0.41379310344827586,0,0,0,0,0,0,0,0,0.2,0.6,-18,-65,-21,-0.4736842105263158,-0.24137931034482757,-24
2004-04-03,Fulham,Birmingham,0,0,D,30,40,48,-9,0.34210526315789475,42,40,2,0.36666666666666664,30,45,48,-8,0.34210526315789475,37,36,1,0.4,0,0,0,0,0,0,0,0,0.2,0.6,-5,0,-1,0.0,-0.03333333333333338,1
2004-04-03,Middlesbrough,Bolton,2,0,H,30,38,-1,-1,0.0,35,39,-4,0.3333333333333333,30,37,44,-10,0.2631578947368421,34,46,-12,0.3,0,0,0,0,0,0,0,0,0.4,0.2,1,-45,9,-0.2631578947368421,0.033333333333333326,8
2004-04-03,Newcastle,Everton,4,2,H,30,45,69,15,0.5526315789473685,41,31,10,0.36666666666666664,30,34,59,-1,0.4473684210526316,36,41,-5,0.26666666666666666,0,0,0,0,0,0,0,0,0.4,0.4,11,10,16,0.10526315789473689,0.09999999999999998,15
2004-04-03,Tottenham,Chelsea,0,1,A,30,37,50,-11,0.3684210526315789,40,47,-7,0.36666666666666664,30,67,67,30,0.5,57,24,33,0.7,0,0,0,0,1,0,0,0,0.2,0.8,-30,-17,-41,-0.13157894736842107,-0.3333333333333333,-40
2004-04-03,Wolves,Southampton,1,4,A,30,24,-1,-1,0.0,26,62,-36,0.16666666666666666,30,39,52,-3,0.34210526315789475,30,28,2,0.3333333333333333,0,0,1,0,0,0,0,0,0.2,0.4,-15,-53,2,-0.34210526315789475,-0.16666666666666666,-38
2004-04-04,Aston Villa,Man City,1,1,D,30,43,45,-5,0.3157894736842105,38,35,3,0.4,30,31,51,-7,0.3947368421052632,41,42,-1,0.23333333333333334,0,0,0,0,0,0,0,0,0.4,0.4,12,-6,2,-0.07894736842105271,0.16666666666666669,4
2004-04-04,Liverpool,Blackburn,4,0,H,30,46,64,20,0.4736842105263158,42,31,11,0.4,30,31,60,9,0.42105263157894735,42,48,-6,0.26666666666666666,0,0,0,0,0,0,0,0,0.4,0.2,15,4,11,0.052631578947368474,0.13333333333333336,17
2004-04-05,Leeds,Leicester,3,2,H,30,25,47,1,0.3684210526315789,29,60,-31,0.2,30,28,-1,-1,0.0,39,52,-13,0.16666666666666666,0,0,0,0,0,0,0,0,0.2,0.2,-3,48,2,0.3684210526315789,0.033333333333333354,-18
2004-04-09,Arsenal,Liverpool,4,2,H,30,74,78,43,0.6052631578947368,58,20,38,0.7333333333333333,31,49,64,20,0.4736842105263158,46,31,15,0.41935483870967744,0,0,0,0,0,0,0,0,0.8,0.6,25,14,23,0.13157894736842102,0.31397849462365585,23
2004-04-09,Everton,Tottenham,3,1,H,31,34,59,-1,0.4473684210526316,38,45,-7,0.25806451612903225,31,37,50,-11,0.3684210526315789,40,48,-8,0.3548387096774194,0,0,0,0,0,0,1,0,0.4,0.2,-3,9,10,0.07894736842105265,-0.09677419354838712,1
2004-04-10,Birmingham,Man United,1,2,A,31,46,48,-8,0.34210526315789475,37,36,1,0.3870967741935484,30,62,83,40,0.6578947368421053,56,30,26,0.6333333333333333,0,0,0,0,0,0,0,0,0.4,0.2,-16,-35,-48,-0.31578947368421056,-0.24623655913978493,-25
2004-04-10,Blackburn,Leeds,1,2,A,31,31,60,9,0.42105263157894735,42,52,-10,0.25806451612903225,31,28,47,1,0.3684210526315789,32,62,-30,0.22580645161290322,0,0,0,0,0,0,0,0,0.2,0.4,3,13,8,0.05263157894736842,0.03225806451612903,20
2004-04-10,Bolton,Aston Villa,2,2,D,31,37,44,-10,0.2631578947368421,34,48,-14,0.2903225806451613,31,44,45,-5,0.3157894736842105,39,36,3,0.3870967741935484,0,0,0,0,0,0,0,0,0.2,0.4,-7,-1,-5,-0.05263157894736842,-0.09677419354838707,-17
2004-04-10,Charlton,Portsmouth,1,1,D,30,43,49,-11,0.3684210526315789,41,39,2,0.4,30,30,-1,-1,0.0,32,45,-13,0.26666666666666666,0,0,0,0,0,0,0,0,0.4,0.4,13,50,-10,0.3684210526315789,0.13333333333333336,15
2004-04-10,Chelsea,Middlesbrough,0,0,D,31,70,67,30,0.5,58,24,34,0.7096774193548387,31,41,-1,-1,0.0,37,39,-2,0.3548387096774194,1,1,0,0,0,0,0,0,1.0,0.6,29,68,31,0.5,0.3548387096774194,36
2004-04-10,Leicester,Fulham,0,2,A,31,28,-1,-1,0.0,41,55,-14,0.16129032258064516,31,41,48,-9,0.34210526315789475,42,40,2,0.3548387096774194,0,0,0,0,0,0,0,0,0.2,0.2,-13,-49,8,-0.34210526315789475,-0.19354838709677422,-16
2004-04-10,Man City,Wolves,3,3,D,31,32,51,-7,0.3947368421052632,42,43,-1,0.22580645161290322,31,24,-1,-1,0.0,27,66,-39,0.16129032258064516,0,0,0,0,0,0,1,0,0.2,0.0,8,52,-6,0.3947368421052632,0.06451612903225806,38
2004-04-11,Newcastle,Arsenal,0,0,D,31,48,69,15,0.5526315789473685,45,33,12,0.3870967741935484,31,77,78,43,0.6052631578947368,62,22,40,0.7419354838709677,0,0,0,0,0,0,0,0,0.4,0.8,-29,-9,-28,-0.05263157894736836,-0.3548387096774194,-28
2004-04-12,Aston Villa,Chelsea,3,2,H,32,45,45,-5,0.3157894736842105,41,38,3,0.375,32,71,67,30,0.5,58,24,34,0.6875,0,0,0,0,0,0,0,0,0.4,0.8,-26,-22,-35,-0.1842105263157895,-0.3125,-31
2004-04-12,Fulham,Blackburn,3,4,A,32,44,48,-9,0.34210526315789475,44,40,4,0.375,32,31,60,9,0.42105263157894735,43,54,-11,0.25,0,0,0,0,0,0,1,0,0.4,0.2,13,-12,-18,-0.0789473684210526,0.125,15
2004-04-12,Liverpool,Charlton,0,1,A,32,49,64,20,0.4736842105263158,48,35,13,0.40625,31,44,49,-11,0.3684210526315789,42,40,2,0.3870967741935484,0,0,0,0,0,0,0,0,0.6,0.2,5,15,31,0.10526315789473689,0.019153225806451624,11
2004-04-12,Middlesbrough,Southampton,3,1,H,32,42,-1,-1,0.0,37,39,-2,0.34375,31,42,52,-3,0.34210526315789475,34,29,5,0.3548387096774194,0,0,0,0,0,0,0,0,0.4,0.6,0,-53,2,-0.34210526315789475,-0.011088709677419373,-7
2004-04-12,Portsmouth,Birmingham,3,1,H,31,31,-1,-1,0.0,33,46,-13,0.25806451612903225,32,46,48,-8,0.34210526315789475,38,38,0,0.375,0,0,0,0,0,0,0,0,0.4,0.2,-15,-49,7,-0.34210526315789475,-0.11693548387096775,-13
2004-04-12,Tottenham,Man City,1,1,D,32,37,50,-11,0.3684210526315789,41,51,-10,0.34375,32,33,51,-7,0.3947368421052632,45,46,-1,0.21875,0,0,1,0,0,0,0,0,0.2,0.2,4,-1,-4,-0.026315789473684292,0.125,-9
2004-04-12,Wolves,Bolton,1,2,A,32,25,-1,-1,0.0,30,69,-39,0.15625,32,38,44,-10,0.2631578947368421,36,50,-14,0.28125,0,0,0,0,0,0,0,0,0.0,0.2,-13,-45,9,-0.2631578947368421,-0.125,-25
2004-04-13,Leeds,Everton,1,1,D,32,31,47,1,0.3684210526315789,34,63,-29,0.25,32,37,59,-1,0.4473684210526316,41,46,-5,0.28125,0,0,0,0,0,0,0,0,0.6,0.4,-6,-12,2,-0.07894736842105265,-0.03125,-24
2004-04-13,Man United,Leicester,1,0,H,31,65,83,40,0.6578947368421053,58,31,27,0.6451612903225806,32,28,-1,-1,0.0,41,57,-16,0.15625,0,0,0,0,0,0,0,0,0.4,0.2,37,84,41,0.6578947368421053,0.4889112903225806,43
2004-04-16,Arsenal,Leeds,5,0,H,32,78,78,43,0.6052631578947368,62,22,40,0.71875,33,32,47,1,0.3684210526315789,35,64,-29,0.24242424242424243,0,0,0,0,0,0,0,0,0.6,0.6,46,31,42,0.2368421052631579,0.47632575757575757,69
2004-04-17,Blackburn,Leicester,1,0,H,33,34,60,9,0.42105263157894735,47,57,-10,0.2727272727272727,33,28,-1,-1,0.0,41,58,-17,0.15151515151515152,0,0,0,0,0,0,1,0,0.4,0.0,6,61,10,0.42105263157894735,0.12121212121212119,7
2004-04-17,Bolton,Tottenham,2,0,H,33,41,44,-10,0.2631578947368421,38,51,-13,0.30303030303030304,33,38,50,-11,0.3684210526315789,42,52,-10,0.3333333333333333,0,0,0,0,0,0,0,0,0.4,0.0,3,-6,1,-0.10526315789473684,-0.030303030303030276,-3
2004-04-17,Charlton,Birmingham,1,1,D,32,47,49,-11,0.3684210526315789,43,40,3,0.40625,33,46,48,-8,0.34210526315789475,39,41,-2,0.36363636363636365,0,0,0,0,0,0,0,0,0.4,0.2,1,1,-3,0.02631578947368418,0.042613636363636354,5
2004-04-17,Chelsea,Everton,0,0,D,33,71,67,30,0.5,60,27,33,0.6666666666666666,33,38,59,-1,0.4473684210526316,42,47,-5,0.2727272727272727,0,0,0,0,0,0,0,0,0.6,0.2,33,8,31,0.05263157894736842,0.3939393939393939,38
2004-04-17,Liverpool,Fulham,0,0,D,33,49,64,20,0.4736842105263158,48,36,12,0.3939393939393939,33,44,48,-9,0.34210526315789475,47,44,3,0.36363636363636365,0,0,0,0,0,0,0,0,0.4,0.2,5,16,29,0.13157894736842107,0.030303030303030276,9
2004-04-17,Man City,Southampton,1,3,A,33,34,51,-7,0.3947368421052632,46,47,-1,0.21212121212121213,32,42,52,-3,0.34210526315789475,35,32,3,0.34375,0,0,0,0,0,0,0,0,0.0,0.6,-8,-1,-4,0.052631578947368474,-0.13162878787878787,-4
2004-04-17,Portsmouth,Man United,1,0,H,32,34,-1,-1,0.0,36,47,-11,0.28125,32,68,83,40,0.6578947368421053,59,31,28,0.65625,0,0,0,0,0,0,0,0,0.6,0.6,-34,-84,-41,-0.6578947368421053,-0.375,-39
2004-04-17,Wolves,Middlesbrough,2,0,H,33,25,-1,-1,0.0,31,71,-40,0.15151515151515152,33,45,-1,-1,0.0,40,40,0,0.36363636363636365,0,0,0,0,0,0,0,0,0.0,0.6,-20,0,0,0.0,-0.21212121212121213,-40
2004-04-18,Aston Villa,Newcastle,0,0,D,33,48,45,-5,0.3157894736842105,44,40,4,0.3939393939393939,32,49,69,15,0.5526315789473685,45,33,12,0.375,0,0,0,0,0,0,0,0,0.4,0.4,-1,-24,-20,-0.23684210526315796,0.018939393939393923,-8
2004-04-20,Man United,Charlton,2,0,H,33,68,83,40,0.6578947368421053,59,32,27,0.6363636363636364,33,48,49,-11,0.3684210526315789,44,41,3,0.3939393939393939,0,0,0,0,0,0,0,0,0.6,0.2,20,34,51,0.2894736842105264,0.24242424242424243,24
2004-04-24,Everton,Blackburn,0,1,A,34,39,59,-1,0.4473684210526316,42,47,-5,0.2647058823529412,34,37,60,9,0.42105263157894735,48,57,-9,0.29411764705882354,0,0,0,0,0,0,0,0,0.2,0.4,2,-1,-10,0.026315789473684237,-0.02941176470588236,4
2004-04-24,Fulham,Charlton,2,0,H,34,45,48,-9,0.34210526315789475,47,44,3,0.35294117647058826,34,48,49,-11,0.3684210526315789,44,43,1,0.38235294117647056,0,0,0,0,0,0,0,0,0.2,0.2,-3,-1,2,-0.02631578947368418,-0.029411764705882304,2
2004-04-24,Leicester,Man City,1,1,D,34,28,-1,-1,0.0,41,59,-18,0.14705882352941177,34,34,51,-7,0.3947368421052632,47,50,-3,0.20588235294117646,0,0,1,0,0,0,0,0,0.0,0.0,-6,-52,6,-0.3947368421052632,-0.05882352941176469,-15
2004-04-24,Man United,Liverpool,0,1,A,34,71,83,40,0.6578947368421053,61,32,29,0.6470588235294118,34,50,64,20,0.4736842105263158,48,36,12,0.38235294117647056,0,0,0,0,0,0,0,0,0.6,0.2,21,19,20,0.1842105263157895,0.26470588235294124,17
2004-04-24,Middlesbrough,Aston Villa,1,2,A,34,45,-1,-1,0.0,40,42,-2,0.35294117647058826,34,49,45,-5,0.3157894736842105,44,40,4,0.38235294117647056,0,0,0,0,0,0,0,0,0.4,0.4,-4,-46,4,-0.3157894736842105,-0.029411764705882304,-6
2004-04-24,Southampton,Bolton,1,2,A,33,45,52,-3,0.34210526315789475,38,33,5,0.36363636363636365,34,44,44,-10,0.2631578947368421,40,51,-11,0.3235294117647059,0,0,0,0,0,0,0,0,0.6,0.6,1,8,7,0.07894736842105265,0.04010695187165775,16
2004-04-25,Birmingham,Wolves,2,2,D,34,47,48,-8,0.34210526315789475,40,42,-2,0.35294117647058826,34,28,-1,-1,0.0,33,71,-38,0.17647058823529413,0,0,0,0,0,0,0,0,0.2,0.2,19,49,-7,0.34210526315789475,0.17647058823529413,36
2004-04-25,Leeds,Portsmouth,1,2,A,34,32,47,1,0.3684210526315789,35,69,-34,0.23529411764705882,33,37,-1,-1,0.0,37,47,-10,0.30303030303030304,0,0,0,0,0,0,0,0,0.4,0.8,-5,48,2,0.3684210526315789,-0.06773618538324422,-24
2004-04-25,Newcastle,Chelsea,2,1,H,33,50,69,15,0.5526315789473685,45,33,12,0.36363636363636365,34,72,67,30,0.5,60,27,33,0.6470588235294118,0,0,0,0,0,0,0,0,0.4,0.4,-22,2,-15,0.052631578947368474,-0.28342245989304815,-21
2004-04-25,Tottenham,Arsenal,2,2,D,34,38,50,-11,0.3684210526315789,42,54,-12,0.3235294117647059,33,81,78,43,0.6052631578947368,67,22,45,0.7272727272727273,0,0,0,0,0,0,0,0,0.0,0.6,-43,-28,-54,-0.2368421052631579,-0.4037433155080214,-57
2004-05-01,Arsenal,Birmingham,0,0,D,34,82,78,43,0.6052631578947368,69,24,45,0.7058823529411765,35,48,48,-8,0.34210526315789475,42,44,-2,0.34285714285714286,0,0,0,0,0,0,0,0,0.4,0.0,34,30,51,0.2631578947368421,0.36302521008403366,47
2004-05-01,Blackburn,Man United,1,0,H,35,40,60,9,0.42105263157894735,49,57,-8,0.3142857142857143,35,71,83,40,0.6578947368421053,61,33,28,0.6285714285714286,1,0,0,0,0,0,0,0,0.6,0.6,-31,-23,-31,-0.23684210526315796,-0.3142857142857143,-36
2004-05-01,Charlton,Leicester,2,2,D,35,48,49,-11,0.3684210526315789,44,45,-1,0.37142857142857144,35,29,-1,-1,0.0,42,60,-18,0.14285714285714285,0,0,0,0,0,0,0,0,0.2,0.0,19,50,-10,0.3684210526315789,0.2285714285714286,17
2004-05-01,Chelsea,Southampton,4,0,H,35,72,67,30,0.5,61,29,32,0.6285714285714286,34,45,52,-3,0.34210526315789475,39,35,4,0.35294117647058826,0,0,0,0,0,0,0,0,0.2,0.6,27,15,33,0.15789473684210525,0.2756302521008403,28
2004-05-01,Man City,Newcastle,1,0,H,35,35,51,-7,0.3947368421052632,48,51,-3,0.2,34,53,69,15,0.5526315789473685,47,34,13,0.38235294117647056,0,0,0,0,0,0,0,0,0.0,0.4,-18,-18,-22,-0.15789473684210525,-0.18235294117647055,-16
2004-05-01,Portsmouth,Fulham,1,1,D,34,40,-1,-1,0.0,39,48,-9,0.3235294117647059,35,48,48,-9,0.34210526315789475,49,44,5,0.37142857142857144,1,0,0,0,0,0,0,0,0.8,0.4,-8,-49,8,-0.34210526315789475,-0.04789915966386554,-14
2004-05-01,Wolves,Everton,2,1,H,35,29,-1,-1,0.0,35,73,-38,0.17142857142857143,35,39,59,-1,0.4473684210526316,42,48,-6,0.2571428571428571,0,0,0,0,0,0,0,0,0.2,0.2,-10,-60,0,-0.4473684210526316,-0.08571428571428569,-32
2004-05-02,Aston Villa,Tottenham,1,0,H,35,52,45,-5,0.3157894736842105,46,41,5,0.4,35,39,50,-11,0.3684210526315789,44,56,-12,0.3142857142857143,0,0,0,0,0,0,0,0,0.4,0.0,13,-5,6,-0.05263157894736842,0.08571428571428574,17
2004-05-02,Bolton,Leeds,4,1,H,35,47,44,-10,0.2631578947368421,42,52,-10,0.34285714285714286,35,32,47,1,0.3684210526315789,36,71,-35,0.22857142857142856,1,0,0,0,0,0,0,0,0.6,0.4,15,-3,-11,-0.10526315789473684,0.1142857142857143,25
2004-05-02,Liverpool,Middlesbrough,2,0,H,35,53,64,20,0.4736842105263158,49,36,13,0.4,35,45,-1,-1,0.0,41,44,-3,0.34285714285714286,0,0,0,0,0,0,0,0,0.4,0.4,8,65,21,0.4736842105263158,0.05714285714285716,16
2004-05-04,Portsmouth,Arsenal,1,1,D,35,41,-1,-1,0.0,40,49,-9,0.3142857142857143,35,83,78,43,0.6052631578947368,69,24,45,0.6857142857142857,0,0,0,0,0,0,0,0,0.6,0.4,-42,-79,-44,-0.6052631578947368,-0.37142857142857144,-54
2004-05-08,Birmingham,Liverpool,0,3,A,36,49,48,-8,0.34210526315789475,42,44,-2,0.3333333333333333,36,56,64,20,0.4736842105263158,51,36,15,0.4166666666666667,0,0,0,0,0,0,0,0,0.0,0.4,-7,-16,-28,-0.13157894736842107,-0.08333333333333337,-17
2004-05-08,Everton,Bolton,1,2,A,36,39,59,-1,0.4473684210526316,43,50,-7,0.25,36,50,44,-10,0.2631578947368421,46,53,-7,0.3611111111111111,0,0,0,0,1,0,0,0,0.2,0.8,-11,15,9,0.1842105263157895,-0.1111111111111111,0
2004-05-08,Leeds,Charlton,3,3,D,36,32,47,1,0.3684210526315789,37,75,-38,0.2222222222222222,36,49,49,-11,0.3684210526315789,46,47,-1,0.3611111111111111,0,0,1,0,0,0,0,0,0.2,0.2,-17,-2,12,0.0,-0.1388888888888889,-37
2004-05-08,Leicester,Portsmouth,3,1,H,36,30,-1,-1,0.0,44,62,-18,0.1388888888888889,36,42,-1,-1,0.0,41,50,-9,0.3055555555555556,0,0,0,0,0,0,0,0,0.0,0.6,-12,0,0,0.0,-0.16666666666666669,-9
2004-05-08,Man United,Chelsea,1,1,D,36,71,83,40,0.6578947368421053,61,34,27,0.6111111111111112,36,75,67,30,0.5,65,29,36,0.6388888888888888,0,0,0,0,0,0,0,0,0.4,0.2,-4,16,10,0.1578947368421053,-0.02777777777777768,-9
2004-05-08,Middlesbrough,Man City,2,1,H,36,45,-1,-1,0.0,41,46,-5,0.3333333333333333,36,38,51,-7,0.3947368421052632,49,51,-2,0.2222222222222222,0,0,1,0,0,0,0,0,0.2,0.2,7,-52,6,-0.3947368421052632,0.1111111111111111,-3
2004-05-08,Southampton,Aston Villa,1,1,D,35,45,52,-3,0.34210526315789475,39,39,0,0.34285714285714286,36,55,45,-5,0.3157894736842105,47,41,6,0.4166666666666667,0,0,0,0,0,0,0,0,0.4,0.6,-10,7,2,0.026315789473684237,-0.07380952380952382,-6
2004-05-08,Tottenham,Blackburn,1,0,H,36,39,50,-11,0.3684210526315789,44,57,-13,0.3055555555555556,36,43,60,9,0.42105263157894735,50,57,-7,0.3333333333333333,0,0,0,0,1,0,0,0,0.0,0.8,-4,-10,-20,-0.05263157894736842,-0.027777777777777735,-6
2004-05-09,Fulham,Arsenal,0,1,A,36,49,48,-9,0.34210526315789475,50,45,5,0.3611111111111111,36,84,78,43,0.6052631578947368,70,25,45,0.6666666666666666,0,0,0,0,0,0,0,0,0.4,0.2,-35,-30,-52,-0.2631578947368421,-0.3055555555555555,-40
2004-05-09,Newcastle,Wolves,1,1,D,35,53,69,15,0.5526315789473685,47,35,12,0.37142857142857144,36,32,-1,-1,0.0,37,74,-37,0.19444444444444445,0,0,0,0,0,0,0,0,0.4,0.4,21,70,16,0.5526315789473685,0.176984126984127,49
2004-05-12,Southampton,Newcastle,3,3,D,36,46,52,-3,0.34210526315789475,40,40,0,0.3333333333333333,36,54,69,15,0.5526315789473685,48,36,12,0.3611111111111111,0,0,0,0,0,0,0,0,0.2,0.2,-8,-17,-18,-0.21052631578947373,-0.02777777777777779,-12
2004-05-15,Arsenal,Leicester,2,1,H,37,87,78,43,0.6052631578947368,71,25,46,0.6756756756756757,37,33,-1,-1,0.0,47,63,-16,0.16216216216216217,0,0,0,0,0,0,0,0,0.4,0.2,54,79,44,0.6052631578947368,0.5135135135135135,62
2004-05-15,Aston Villa,Man United,0,2,A,37,56,45,-5,0.3157894736842105,48,42,6,0.40540540540540543,37,72,83,40,0.6578947368421053,62,35,27,0.5945945945945946,0,0,0,0,0,0,0,0,0.6,0.2,-16,-38,-45,-0.3421052631578948,-0.1891891891891892,-21
2004-05-15,Blackburn,Birmingham,1,1,D,37,43,60,9,0.42105263157894735,50,58,-8,0.32432432432432434,37,49,48,-8,0.34210526315789475,42,47,-5,0.32432432432432434,0,0,0,0,0,0,0,0,0.8,0.0,-6,12,17,0.0789473684210526,0.0,-3
2004-05-15,Bolton,Fulham,0,2,A,37,53,44,-10,0.2631578947368421,48,54,-6,0.3783783783783784,37,49,48,-9,0.34210526315789475,50,46,4,0.35135135135135137,1,1,0,0,0,0,0,0,1.0,0.2,4,-4,-1,-0.07894736842105265,0.02702702702702703,-10
2004-05-15,Charlton,Southampton,2,1,H,37,50,49,-11,0.3684210526315789,49,50,-1,0.35135135135135137,37,47,52,-3,0.34210526315789475,43,43,0,0.32432432432432434,0,0,0,0,0,0,0,0,0.0,0.2,3,-3,-8,0.02631578947368418,0.02702702702702703,-1
2004-05-15,Chelsea,Leeds,1,0,H,37,76,67,30,0.5,66,30,36,0.6216216216216216,37,33,47,1,0.3684210526315789,40,78,-38,0.21621621621621623,0,0,0,0,0,0,0,0,0.2,0.0,43,20,29,0.13157894736842107,0.4054054054054054,74
2004-05-15,Liverpool,Newcastle,1,1,D,37,59,64,20,0.4736842105263158,54,36,18,0.43243243243243246,37,55,69,15,0.5526315789473685,51,39,12,0.35135135135135137,1,0,0,0,0,0,0,0,0.6,0.2,4,-5,5,-0.07894736842105265,0.08108108108108109,6
2004-05-15,Man City,Everton,5,1,H,37,38,51,-7,0.3947368421052632,50,53,-3,0.21621621621621623,37,39,59,-1,0.4473684210526316,44,52,-8,0.24324324324324326,0,0,0,0,0,0,1,0,0.2,0.0,-1,-8,-6,-0.05263157894736836,-0.02702702702702703,5
2004-05-15,Portsmouth,Middlesbrough,5,1,H,37,42,-1,-1,0.0,42,53,-11,0.2972972972972973,37,48,-1,-1,0.0,43,47,-4,0.35135135135135137,0,0,0,0,0,0,0,0,0.4,0.4,-6,0,0,0.0,-0.05405405405405406,-7
2004-05-15,Wolves,Tottenham,0,2,A,37,33,-1,-1,0.0,38,75,-37,0.1891891891891892,37,42,50,-11,0.3684210526315789,45,57,-12,0.32432432432432434,0,0,0,0,0,0,0,0,0.4,0.2,-9,-51,10,-0.3684210526315789,-0.13513513513513514,-25
